	-69.0960039	-27.7924048
	-69.0940043	-27.7910508
	-69.0909406	-27.7853304
	-69.0915943	-27.7848706
	-69.0933774	-27.7854603
	-69.0946299	-27.7842148
	-69.0942777	-27.7811034
	-69.0952172	-27.778718
	-69.0941901	-27.7750976
	-69.0951529	-27.7695825
	-69.0923017	-27.7672436
	-69.0892347	-27.7576291
	-69.0905382	-27.7555672
	-69.0906137	-27.7486841
	-69.092936	-27.7470256
	-69.0948987	-27.7462596
	-69.0949108	-27.74473
	-69.0932615	-27.7432415
	-69.094944	-27.7417079
	-69.0942342	-27.7385661
	-69.0943531	-27.733702
	-69.094802	-27.7294166
	-69.0933726	-27.7175764
	-69.0835447	-27.7167575
	-69.079222	-27.7142886
	-69.0742345	-27.7128542
	-69.0698655	-27.7083439
	-69.0640699	-27.7076983
	-69.058697	-27.7048183
	-69.0561306	-27.7037772
	-69.0509722	-27.701923
	-69.0453246	-27.6992328
	-69.0444834	-27.696915
	-69.0449898	-27.6925071
	-69.0447752	-27.6880991
	-69.0433762	-27.6846105
	-69.0423806	-27.6811522
	-69.0450413	-27.6788492
	-69.0513327	-27.6753375
	-69.057873	-27.6715977
	-69.0587485	-27.669591
	-69.0613148	-27.6651364
	-69.060053	-27.6598378
	-69.0584052	-27.6561887
	-69.0573924	-27.6517716
	-69.0560276	-27.6479701
	-69.0556843	-27.6428836
	-69.0552294	-27.63858
	-69.0544484	-27.6347477
	-69.0527403	-27.627767
	-69.0540621	-27.6213639
	-69.0531695	-27.616953
	-69.0471184	-27.6095453
	-69.0439599	-27.6030271
	-69.0424406	-27.6012929
	-69.0394622	-27.6003497
	-69.0343639	-27.6000835
	-69.03045	-27.5990034
	-69.0276948	-27.5973528
	-69.0259782	-27.5947513
	-69.0250427	-27.5921346
	-69.0249397	-27.5892667
	-69.0239269	-27.5866879
	-69.0219528	-27.5860489
	-69.0174896	-27.5849838
	-69.0113098	-27.5849838
	-69.0044433	-27.5834624
	-68.9986068	-27.5805715
	-68.9955169	-27.5778327
	-68.9925987	-27.5738765
	-68.9886505	-27.5694637
	-68.9831573	-27.5659637
	-68.9766342	-27.5606375
	-68.974986	-27.5576162
	-68.9735443	-27.5551588
	-68.9727373	-27.5514507
	-68.9721511	-27.5431739
	-68.9747153	-27.5435544
	-68.9776121	-27.5402249
	-68.9774283	-27.5367151
	-68.9804174	-27.5335585
	-68.9837704	-27.5298456
	-68.9848341	-27.5278215
	-68.9870481	-27.5265623
	-68.987523	-27.5255799
	-68.9878688	-27.5249743
	-68.9875255	-27.5236042
	-68.9778895	-27.5244504
	-68.9745957	-27.5247263
	-68.9714156	-27.5251012
	-68.9664889	-27.5254285
	-68.9614851	-27.5258623
	-68.9549405	-27.5259765
	-68.9527131	-27.52622
	-68.9488159	-27.5278952
	-68.9466707	-27.527885
	-68.9423104	-27.5232496
	-68.9428513	-27.5151715
	-68.9456666	-27.5063485
	-68.9487822	-27.5003799
	-68.9505502	-27.4942663
	-68.9530652	-27.4878021
	-68.9552367	-27.485297
	-68.9599917	-27.4820838
	-68.9624021	-27.4752895
	-68.9612947	-27.4715658
	-68.9630199	-27.4699285
	-68.9637238	-27.4684587
	-68.9689252	-27.46871
	-68.9741881	-27.4661378
	-68.9779732	-27.462665
	-68.9804194	-27.4593902
	-68.9827197	-27.4554374
	-68.98611	-27.4533352
	-68.9888136	-27.4505856
	-68.9887192	-27.4467696
	-68.986419	-27.4461374
	-68.9847023	-27.445071
	-68.9824707	-27.4429382
	-68.9802392	-27.4386725
	-68.9804108	-27.4344066
	-68.9781792	-27.4319689
	-68.975261	-27.4309023
	-68.9668496	-27.4302929
	-68.9562223	-27.4343437
	-68.9500339	-27.4374061
	-68.9446179	-27.440156
	-68.9400173	-27.4430202
	-68.9366184	-27.4444065
	-68.9331953	-27.4409577
	-68.9326788	-27.437688
	-68.9291082	-27.4336049
	-68.9272457	-27.4284246
	-68.9264046	-27.4251107
	-68.9257009	-27.4217127
	-68.9270398	-27.4163414
	-68.9300266	-27.4112289
	-68.9277108	-27.4094174
	-68.9239428	-27.4092421
	-68.9194109	-27.4080611
	-68.9155915	-27.4035654
	-68.9105017	-27.4000449
	-68.9054463	-27.3951984
	-68.9036132	-27.3905024
	-68.8980085	-27.3814714
	-68.8929874	-27.374025
	-68.8892586	-27.3710387
	-68.8912842	-27.3671132
	-68.8924429	-27.3629818
	-68.8923141	-27.357722
	-68.8910266	-27.3541162
	-68.8869668	-27.3499919
	-68.8823149	-27.3449526
	-68.8777659	-27.3393031
	-68.8806412	-27.3374732
	-68.8817055	-27.3335694
	-68.8787701	-27.3299628
	-68.8738949	-27.3252962
	-68.8715775	-27.3203244
	-68.8686677	-27.3170377
	-68.8609731	-27.3184675
	-68.8585765	-27.3168363
	-68.8557655	-27.3157877
	-68.8503515	-27.3156574
	-68.8353363	-27.3037054
	-68.830521	-27.3002243
	-68.8274079	-27.2955101
	-68.8083883	-27.3000817
	-68.8113632	-27.2972364
	-68.8135333	-27.296857
	-68.8151601	-27.2958423
	-68.817206	-27.2949506
	-68.8186384	-27.2936432
	-68.8237353	-27.2936968
	-68.825694	-27.2930026
	-68.8271086	-27.2919533
	-68.8293659	-27.287308
	-68.8384984	-27.2818691
	-68.8450215	-27.2756443
	-68.8510553	-27.2730657
	-68.8567202	-27.2709983
	-68.8592007	-27.2673973
	-68.8635609	-27.2641853
	-68.8671057	-27.2627891
	-68.8683932	-27.2606223
	-68.8697751	-27.2540681
	-68.8705904	-27.2470634
	-68.8696806	-27.2391729
	-68.8648005	-27.2358669
	-68.8612386	-27.234333
	-68.8581192	-27.232442
	-68.8558913	-27.2290213
	-68.8556216	-27.2255732
	-68.8545487	-27.2176355
	-68.8533213	-27.2087507
	-68.8562567	-27.2051858
	-68.8563082	-27.1983841
	-68.8580677	-27.193483
	-68.8574755	-27.1892153
	-68.8536111	-27.185556
	-68.8502781	-27.181111
	-68.8477781	-27.176111
	-68.8441671	-27.171944
	-68.8402781	-27.168333
	-68.8398974	-27.1648046
	-68.8397429	-27.1600623
	-68.841202	-27.1546402
	-68.8345072	-27.1510431
	-68.8271515	-27.14976
	-68.819916	-27.1472702
	-68.8146803	-27.1450171
	-68.8075839	-27.1479115
	-68.8071547	-27.1444364
	-68.8064252	-27.143558
	-68.8051377	-27.1414958
	-68.8039361	-27.1397391
	-68.803464	-27.1377532
	-68.800696	-27.1343923
	-68.8002025	-27.1330556
	-68.7988935	-27.1310314
	-68.7984644	-27.1280523
	-68.7992369	-27.1248439
	-68.7974344	-27.123698
	-68.7934862	-27.1211771
	-68.7921129	-27.1190381
	-68.7914263	-27.1143779
	-68.7901242	-27.1085336
	-68.7871115	-27.104828
	-68.7841307	-27.1023064
	-68.7781902	-27.0988677
	-68.7707093	-27.1026352
	-68.7679945	-27.1044457
	-68.7633331	-27.105278
	-68.7586071	-27.1074869
	-68.7510798	-27.113087
	-68.7485968	-27.1103287
	-68.7453352	-27.1066615
	-68.7421595	-27.1045986
	-68.7340081	-27.1019705
	-68.7264464	-27.1035368
	-68.7180561	-27.105
	-68.7135203	-27.104851
	-68.7087653	-27.1018788
	-68.7039587	-27.100259
	-68.6975214	-27.1012064
	-68.6913588	-27.1031701
	-68.68275	-27.105722
	-68.6765702	-27.1052253
	-68.6686738	-27.1037584
	-68.6657555	-27.1082662
	-68.6654723	-27.1145386
	-68.6633522	-27.121185
	-68.6576874	-27.1238205
	-68.6554558	-27.1270213
	-68.6551898	-27.1298706
	-68.6551125	-27.1364626
	-68.650821	-27.1398845
	-68.6461861	-27.1410302
	-68.6402781	-27.143889
	-68.6383331	-27.148333
	-68.6374314	-27.150814
	-68.6348736	-27.1570993
	-68.6338265	-27.1596805
	-68.6230118	-27.1651253
	-68.618377	-27.1698979
	-68.6109955	-27.1639799
	-68.6070473	-27.1590925
	-68.6022665	-27.1593139
	-68.5953743	-27.1623762
	-68.586448	-27.1697605
	-68.5795815	-27.174739
	-68.5750512	-27.1755286
	-68.5728474	-27.1752018
	-68.572526	-27.1732004
	-68.5720668	-27.1699326
	-68.5713322	-27.1676043
	-68.570368	-27.1648674
	-68.5689906	-27.1635603
	-68.5680264	-27.1623348
	-68.567705	-27.1611501
	-68.5682033	-27.1595377
	-68.5689447	-27.1580863
	-68.5701844	-27.155962
	-68.570368	-27.1546955
	-68.5695875	-27.1534291
	-68.5666949	-27.1505693
	-68.5657307	-27.1487308
	-68.5655471	-27.1467698
	-68.5659603	-27.1450947
	-68.5657307	-27.1439098
	-68.5648584	-27.142439
	-68.5617239	-27.1405398
	-68.5587519	-27.139252
	-68.5546196	-27.1383531
	-68.5535177	-27.1382306
	-68.5529208	-27.1374951
	-68.5537014	-27.1358607
	-68.5545737	-27.1320607
	-68.5551836	-27.1291203
	-68.5571908	-27.1267077
	-68.5586141	-27.1255635
	-68.5593255	-27.1245004
	-68.5588105	-27.1205127
	-68.556536	-27.1143323
	-68.5558593	-27.1137942
	-68.5543441	-27.1137942
	-68.5515893	-27.1139168
	-68.548559	-27.1131403
	-68.5467684	-27.1130177
	-68.5452073	-27.1131812
	-68.543784	-27.1125273
	-68.5424525	-27.110443
	-68.5417604	-27.1092835
	-68.539514	-27.1104021
	-68.5323515	-27.1158784
	-68.5300099	-27.1177992
	-68.5218372	-27.1235203
	-68.5188033	-27.1251402
	-68.5177509	-27.1264625
	-68.5163276	-27.1285465
	-68.5155471	-27.1297316
	-68.5145829	-27.1299767
	-68.5116903	-27.1289552
	-68.5105425	-27.1283831
	-68.5093028	-27.1283014
	-68.5080172	-27.1293229
	-68.5060429	-27.1309574
	-68.5006673	-27.1330692
	-68.4963843	-27.1351392
	-68.4929116	-27.1347166
	-68.4902486	-27.1338586
	-68.4875397	-27.1321424
	-68.4862082	-27.130794
	-68.4841378	-27.1279074
	-68.4817546	-27.1258905
	-68.4802853	-27.1231934
	-68.4769265	-27.1209234
	-68.4770714	-27.1180444
	-68.4773469	-27.115388
	-68.4763597	-27.1128951
	-68.4749364	-27.1112195
	-68.4745691	-27.1094212
	-68.4743625	-27.105089
	-68.4750053	-27.1008383
	-68.4760613	-27.0942167
	-68.4838359	-27.0602736
	-68.4841359	-27.0582068
	-68.4836503	-27.0578791
	-68.4829142	-27.0578538
	-68.4816259	-27.0583834
	-68.4813711	-27.0586985
	-68.4814985	-27.0591776
	-68.4814985	-27.0600223
	-68.4801819	-27.06064
	-68.4796015	-27.0623293
	-68.479743	-27.0634892
	-68.4794316	-27.0642708
	-68.4791495	-27.0695142
	-68.4768648	-27.0747585
	-68.476222	-27.075985
	-68.4757169	-27.0786014
	-68.4750741	-27.0803592
	-68.474615	-27.0819127
	-68.4734212	-27.0835887
	-68.4723652	-27.0844472
	-68.4704828	-27.0855509
	-68.4689676	-27.0859597
	-68.4674525	-27.0873904
	-68.4653404	-27.0899657
	-68.4625856	-27.0910284
	-68.4599685	-27.0915598
	-68.4578565	-27.0927452
	-68.4559281	-27.0938489
	-68.4537702	-27.0948707
	-68.4510613	-27.0945846
	-68.4492247	-27.094135
	-68.4480769	-27.0925
	-68.4459189	-27.0900883
	-68.4445874	-27.0878401
	-68.4436232	-27.0851012
	-68.4431641	-27.0825259
	-68.4417867	-27.0791328
	-68.4408684	-27.0765982
	-68.4393992	-27.0742679
	-68.4379759	-27.0721011
	-68.4355883	-27.0691575
	-68.4322826	-27.0652735
	-68.4309051	-27.064374
	-68.4290686	-27.0639651
	-68.4281503	-27.0644148
	-68.4260383	-27.0661729
	-68.4248445	-27.0667453
	-68.4231457	-27.0669089
	-68.4202532	-27.066868
	-68.4164882	-27.0657641
	-68.4133661	-27.0645375
	-68.4116214	-27.0634745
	-68.4106572	-27.0631065
	-68.4096471	-27.0628612
	-68.4087747	-27.0635562
	-68.407581	-27.0645784
	-68.4055608	-27.0655188
	-68.4040915	-27.0654779
	-68.4024386	-27.0646193
	-68.4012449	-27.0635562
	-68.4002807	-27.0621252
	-68.3978014	-27.0598355
	-68.3944038	-27.0572596
	-68.3917408	-27.0558694
	-68.3905929	-27.0555831
	-68.3880677	-27.055624
	-68.3859556	-27.0552151
	-68.3830561	-27.053333
	-68.3824203	-27.0520257
	-68.3811806	-27.0503901
	-68.3794588	-27.0485909
	-68.3786553	-27.0458511
	-68.3778748	-27.0449514
	-68.3765892	-27.0443789
	-68.3747986	-27.0442154
	-68.371906	-27.0441336
	-68.367682	-27.0441336
	-68.3644441	-27.043333
	-68.3635497	-27.0430295
	-68.3627692	-27.0417208
	-68.3612081	-27.039717
	-68.3596012	-27.0386537
	-68.3572136	-27.0382039
	-68.3541374	-27.0376722
	-68.3506939	-27.0368134
	-68.3494542	-27.0360773
	-68.3490869	-27.0349731
	-68.3477095	-27.0337462
	-68.3461484	-27.0335826
	-68.3440364	-27.0335826
	-68.3408225	-27.0339916
	-68.3382054	-27.0337053
	-68.3360015	-27.0333781
	-68.3311347	-27.0332963
	-68.3267269	-27.033419
	-68.3244313	-27.0337871
	-68.3223192	-27.0344823
	-68.3202531	-27.0355048
	-68.3169441	-27.036944
	-68.3145139	-27.0382039
	-68.3115295	-27.0388991
	-68.3081319	-27.0394307
	-68.3034028	-27.0395125
	-68.3001888	-27.0392672
	-68.299843	-27.0391902
	-68.2985359	-27.0388991
	-68.2977554	-27.0378767
	-68.2972044	-27.0360364
	-68.2959916	-27.03359
	-68.2955056	-27.0317831
	-68.2951383	-27.0303926
	-68.2951842	-27.0286748
	-68.2957811	-27.0270798
	-68.2972044	-27.0245031
	-68.2990596	-27.0205281
	-68.3000052	-27.0176316
	-68.3002347	-27.0157909
	-68.3009694	-27.0139093
	-68.3024386	-27.0120686
	-68.3045506	-27.0102279
	-68.3079023	-27.0079371
	-68.3098307	-27.0067099
	-68.3110245	-27.004051
	-68.3119886	-27.0017601
	-68.3125855	-26.99771
	-68.3129528	-26.9939462
	-68.312366	-26.9902841
	-68.3126235	-26.9889648
	-68.314067	-26.9878168
	-68.3149607	-26.9870564
	-68.3181412	-26.9843502
	-68.3183247	-26.9824904
	-68.3178197	-26.9811402
	-68.3169014	-26.9801173
	-68.3159831	-26.9790534
	-68.3153403	-26.978276
	-68.3153403	-26.9772531
	-68.3150513	-26.9753244
	-68.3149271	-26.9740205
	-68.3140088	-26.9731203
	-68.3124707	-26.9716063
	-68.3108178	-26.9720973
	-68.309165	-26.9718518
	-68.3068693	-26.9699695
	-68.3046654	-26.9690692
	-68.3008034	-26.9673766
	-68.2975947	-26.9631765
	-68.2947953	-26.9600249
	-68.293422	-26.957156
	-68.293187	-26.9557283
	-68.2920487	-26.9517929
	-68.2917177	-26.9494256
	-68.2912357	-26.9455374
	-68.2915111	-26.944023
	-68.2913275	-26.9420584
	-68.2910061	-26.9402983
	-68.2906754	-26.9370717
	-68.2909602	-26.9355912
	-68.2914652	-26.9346088
	-68.2922917	-26.9339538
	-68.2931181	-26.9328486
	-68.293715	-26.9310885
	-68.2935936	-26.9297257
	-68.2925212	-26.9275271
	-68.2915111	-26.9257668
	-68.2901796	-26.9242931
	-68.2888022	-26.9236791
	-68.2874707	-26.92372
	-68.2853128	-26.9235153
	-68.2837058	-26.9234335
	-68.282512	-26.9233106
	-68.2811805	-26.9236791
	-68.2793899	-26.9247844
	-68.2783339	-26.9256031
	-68.2765892	-26.9260125
	-68.2747526	-26.9260125
	-68.2730538	-26.925644
	-68.2707581	-26.9244569
	-68.2693348	-26.9240066
	-68.2673146	-26.923065
	-68.2652485	-26.9217141
	-68.2632095	-26.9191726
	-68.2632053	-26.9174155
	-68.2638022	-26.9162283
	-68.2646746	-26.9152048
	-68.2661897	-26.9138128
	-68.2670621	-26.9124208
	-68.2679804	-26.9106194
	-68.2684854	-26.9097596
	-68.2689445	-26.9089407
	-68.2694955	-26.9084085
	-68.270276	-26.9083266
	-68.2712402	-26.9085313
	-68.2725717	-26.9082447
	-68.2732145	-26.9076306
	-68.2739951	-26.9070983
	-68.2749133	-26.9068936
	-68.276153	-26.9062794
	-68.2767958	-26.9055834
	-68.2778059	-26.9050921
	-68.2785864	-26.9049692
	-68.279367	-26.9048874
	-68.2802393	-26.904437
	-68.280928	-26.9035771
	-68.2809739	-26.9026354
	-68.2811117	-26.9014071
	-68.2816626	-26.9003834
	-68.2824432	-26.8996055
	-68.2834992	-26.899196
	-68.2846011	-26.8987456
	-68.2851521	-26.8981724
	-68.2857949	-26.8972306
	-68.2862081	-26.8964116
	-68.2867132	-26.8950194
	-68.2872641	-26.8941186
	-68.2883201	-26.8932996
	-68.2898353	-26.8922759
	-68.2908913	-26.8914979
	-68.291075	-26.8904742
	-68.291075	-26.8893276
	-68.2913045	-26.8876486
	-68.2916259	-26.8866658
	-68.2928197	-26.8858878
	-68.2943348	-26.8858468
	-68.2962632	-26.8858468
	-68.2976865	-26.885683
	-68.2988803	-26.8853964
	-68.2996608	-26.8847002
	-68.3000281	-26.8838402
	-68.3001659	-26.8826117
	-68.3001659	-26.8796631
	-68.3006709	-26.8781068
	-68.3015892	-26.8771649
	-68.3017269	-26.8760591
	-68.301681	-26.8754858
	-68.3012219	-26.8747895
	-68.3002577	-26.8742162
	-68.2990892	-26.8736997
	-68.2991172	-26.8736597
	-68.3068799	-26.8642605
	-68.3479455	-26.813873
	-68.3653678	-26.8007727
	-68.3678335	-26.7974062
	-68.4375661	-26.7021559
	-68.4482284	-26.687424
	-68.4993365	-26.6167408
	-68.5433362	-26.5548549
	-68.5873359	-26.4929356
	-68.5774329	-26.4123616
	-68.5675299	-26.3317312
	-68.5656725	-26.3188732
	-68.5575358	-26.2871033
	-68.5153538	-26.2596245
	-68.4774375	-26.2373513
	-68.4292563	-26.2077894
	-68.3810751	-26.1782199
	-68.3931258	-26.1198167
	-68.4043547	-26.0659764
	-68.4136466	-26.0210615
	-68.4230707	-25.975525
	-68.4245037	-25.9686271
	-68.4353607	-25.9161694
	-68.4462178	-25.8636883
	-68.4570748	-25.8111839
	-68.4679319	-25.7586562
	-68.4783375	-25.7079931
	-68.4827373	-25.6992686
	-68.4860761	-25.6950845
	-68.4862907	-25.6917432
	-68.4894149	-25.6891675
	-68.4917237	-25.6889432
	-68.4944617	-25.6863598
	-68.4976375	-25.6849985
	-68.4999206	-25.6813785
	-68.5006244	-25.6787872
	-68.4990279	-25.6759017
	-68.4993798	-25.6728694
	-68.5035169	-25.6710206
	-68.5082805	-25.6713609
	-68.5116965	-25.672908
	-68.5142247	-25.668718
	-68.5154216	-25.6627428
	-68.5189492	-25.6542789
	-68.5197303	-25.6500234
	-68.5186059	-25.6448162
	-68.5194642	-25.6418449
	-68.5218074	-25.6415663
	-68.5263221	-25.642874
	-68.5311886	-25.6428423
	-68.5371968	-25.6408305
	-68.54166	-25.6386639
	-68.5440633	-25.6354139
	-68.5457799	-25.6304614
	-68.5461232	-25.6255086
	-68.5456082	-25.6204009
	-68.5449216	-25.6163764
	-68.5428421	-25.6152112
	-68.5392567	-25.6131258
	-68.5392566	-25.6106491
	-68.5408017	-25.6073983
	-68.54166	-25.6046119
	-68.54166	-25.6032187
	-68.5418317	-25.5995033
	-68.5408017	-25.5970264
	-68.5389134	-25.5945493
	-68.5365102	-25.5909885
	-68.5344502	-25.5882016
	-68.5330769	-25.5837116
	-68.5323903	-25.5813892
	-68.5296437	-25.579686
	-68.5265967	-25.5782343
	-68.5239573	-25.5773827
	-68.5214253	-25.5766085
	-68.520982	-25.5762414
	-68.5203967	-25.5762414
	-68.5185984	-25.5756476
	-68.5149676	-25.5741915
	-68.5147123	-25.5742747
	-68.5183525	-25.5721512
	-68.5201873	-25.5716091
	-68.521168	-25.5710383
	-68.5219189	-25.5703954
	-68.5243222	-25.567763
	-68.5253522	-25.5654402
	-68.5265617	-25.5629054
	-68.5258671	-25.5623431
	-68.5261821	-25.560979
	-68.5262611	-25.5603369
	-68.5262105	-25.5597105
	-68.5250088	-25.5573874
	-68.5287854	-25.5572326
	-68.5318753	-25.5569229
	-68.5349652	-25.5552194
	-68.5392567	-25.5536707
	-68.5404584	-25.5516574
	-68.5430333	-25.5491793
	-68.5408017	-25.5467013
	-68.5373915	-25.5442032
	-68.5375978	-25.5435917
	-68.5420033	-25.5383376
	-68.5435483	-25.5346202
	-68.5447499	-25.5307478
	-68.5461232	-25.5259457
	-68.5449216	-25.5219181
	-68.5433766	-25.5183551
	-68.5413167	-25.5154117
	-68.5402867	-25.5112288
	-68.5418317	-25.5079753
	-68.5449216	-25.5075105
	-68.5504147	-25.506426
	-68.5553929	-25.5051866
	-68.5603711	-25.5048767
	-68.563461	-25.5036372
	-68.5660359	-25.4999188
	-68.5696408	-25.4980595
	-68.5706708	-25.4944958
	-68.5713573	-25.4892275
	-68.5692962	-25.487701
	-68.5641476	-25.483804
	-68.5610577	-25.4785353
	-68.5577962	-25.4745061
	-68.5564229	-25.4701668
	-68.5550496	-25.4653624
	-68.5547063	-25.4614878
	-68.5559079	-25.457613
	-68.5583111	-25.453118
	-68.5607144	-25.448933
	-68.5615727	-25.4435077
	-68.5650059	-25.4383922
	-68.5670659	-25.436687
	-68.5710141	-25.4348267
	-68.5732457	-25.4317262
	-68.5759923	-25.4289357
	-68.5756489	-25.4252149
	-68.5758206	-25.4222692
	-68.5735889	-25.4171529
	-68.5718723	-25.414362
	-68.5684391	-25.4103307
	-68.5651776	-25.4084699
	-68.560371	-25.4066092
	-68.5574527	-25.4028878
	-68.5572811	-25.3969953
	-68.5528179	-25.3942039
	-68.549213	-25.3938937
	-68.5473247	-25.3895515
	-68.5440632	-25.3850542
	-68.5392566	-25.3821074
	-68.528442	-25.3807115
	-68.5238072	-25.3783851
	-68.5226056	-25.3743526
	-68.5229489	-25.370475
	-68.5244939	-25.3633399
	-68.5244939	-25.3585313
	-68.5244718	-25.3550555
	-68.5230986	-25.3537735
	-68.5201097	-25.3495841
	-68.5224848	-25.3466445
	-68.5234315	-25.3410978
	-68.5223113	-25.3397572
	-68.5199804	-25.3381518
	-68.5195276	-25.3358392
	-68.5214636	-25.3324946
	-68.5273698	-25.3300083
	-68.527822	-25.3295796
	-68.528832	-25.3281275
	-68.5282177	-25.3259701
	-68.5255762	-25.3236557
	-68.5255824	-25.3196799
	-68.5245344	-25.3170041
	-68.5222832	-25.314192
	-68.5233355	-25.3109409
	-68.5246051	-25.3084259
	-68.5304197	-25.3129601
	-68.5338851	-25.3116192
	-68.5388698	-25.3061826
	-68.543362	-25.3022807
	-68.5457747	-25.2985069
	-68.5403739	-25.2980632
	-68.5344406	-25.2935458
	-68.5310054	-25.2915694
	-68.5304589	-25.2871223
	-68.5337379	-25.2840163
	-68.5380318	-25.2770981
	-68.5429503	-25.2716621
	-68.5426378	-25.2680059
	-68.5421725	-25.2645808
	-68.5359079	-25.2568798
	-68.5356477	-25.2567501
	-68.531462	-25.2562549
	-68.5260442	-25.2542723
	-68.5246908	-25.2524438
	-68.5258896	-25.2504395
	-68.5306821	-25.2487542
	-68.5329301	-25.2471805
	-68.5306863	-25.2442842
	-68.5306855	-25.2398004
	-68.5283029	-25.2336731
	-68.5276999	-25.2324109
	-68.5277206	-25.2287407
	-68.5233235	-25.2264413
	-68.5199911	-25.2244818
	-68.5159645	-25.223385
	-68.5092045	-25.2228697
	-68.5111863	-25.2167042
	-68.51032	-25.2143389
	-68.5077645	-25.2123792
	-68.5064172	-25.2102817
	-68.5050282	-25.2086856
	-68.5014164	-25.2070843
	-68.5038202	-25.2039718
	-68.5043413	-25.2021694
	-68.5059773	-25.2010573
	-68.5054054	-25.1993098
	-68.5058138	-25.1966603
	-68.5060629	-25.1934529
	-68.5085082	-25.1901508
	-68.5078642	-25.1887145
	-68.508749	-25.1869719
	-68.509592	-25.1849921
	-68.5097242	-25.1832582
	-68.5108148	-25.1810151
	-68.5106325	-25.177096
	-68.5081802	-25.1731318
	-68.5065784	-25.1680069
	-68.3461181	-25.1854312
	-68.1856579	-25.2028531
	-68.0251977	-25.2202724
	-67.8644886	-25.2377032
	-67.7158484	-25.2387095
	-67.5669593	-25.2397296
	-67.4180701	-25.2407498
	-67.269181	-25.24177
	-67.120292	-25.2427901
	-67.0470567	-25.2434263
	-66.8872238	-25.2448147
	-66.6326702	-25.2236981
	-66.6320189	-25.229905
	-66.6324758	-25.2336623
	-66.6349429	-25.237187
	-66.634913	-25.2379583
	-66.639056	-25.239105
	-66.639214	-25.2439179
	-66.6387428	-25.2474886
	-66.6378549	-25.2486864
	-66.6373099	-25.2517807
	-66.6379719	-25.2558965
	-66.6410373	-25.2555315
	-66.6399151	-25.2593399
	-66.6373712	-25.2632669
	-66.6376892	-25.2674229
	-66.640749	-25.2718818
	-66.6400895	-25.2749324
	-66.6379374	-25.2765893
	-66.636333	-25.2783186
	-66.6388001	-25.2817119
	-66.6367902	-25.2836733
	-66.6351602	-25.2890501
	-66.6278446	-25.2906377
	-66.6172768	-25.293913
	-66.5938998	-25.2999235
	-66.559601	-25.3053161
	-66.5635857	-25.3091242
	-66.5715326	-25.3115963
	-66.5768632	-25.3194294
	-66.5816743	-25.3282454
	-66.5811976	-25.3349282
	-66.5812535	-25.3392001
	-66.5876184	-25.3477749
	-66.5951609	-25.3534161
	-66.6000455	-25.3573324
	-66.6036532	-25.3604472
	-66.6026019	-25.3621945
	-66.5986962	-25.3658789
	-66.5939071	-25.3708076
	-66.5897672	-25.3706742
	-66.5794354	-25.3745477
	-66.5645626	-25.3755245
	-66.5562331	-25.3742317
	-66.5488434	-25.3739154
	-66.5393503	-25.372598
	-66.5289172	-25.3748009
	-66.5281411	-25.3797715
	-66.5288783	-25.3858707
	-66.5236733	-25.389406
	-66.5086988	-25.4010778
	-66.5088984	-25.408058
	-66.512929	-25.4122828
	-66.5177652	-25.4162688
	-66.5167279	-25.4261445
	-66.5171992	-25.4366819
	-66.519491	-25.4443611
	-66.523359	-25.4485504
	-66.5270881	-25.4507556
	-66.5278148	-25.4570108
	-66.5304846	-25.4613831
	-66.5291997	-25.471876
	-66.5269379	-25.4915384
	-66.5335554	-25.5006462
	-66.5412584	-25.510748
	-66.5419583	-25.5154654
	-66.5414412	-25.5198871
	-66.5375797	-25.5214707
	-66.533263	-25.5248486
	-66.5306672	-25.530903
	-66.5369207	-25.5396272
	-66.5393662	-25.5450196
	-66.5433882	-25.5504634
	-66.5477264	-25.5565506
	-66.5548631	-25.55848
	-66.5591937	-25.561794
	-66.5636512	-25.5673566
	-66.5656966	-25.5710574
	-66.5651143	-25.5799648
	-66.568903	-25.5852223
	-66.5657466	-25.5887968
	-66.563837	-25.5926362
	-66.5610126	-25.600128
	-66.5584491	-25.6023426
	-66.5623923	-25.6089167
	-66.5625027	-25.6193064
	-66.5768689	-25.6250449
	-66.5901008	-25.628044
	-66.6055314	-25.6337924
	-66.6074461	-25.6371635
	-66.6147841	-25.6419139
	-66.6213414	-25.6489156
	-66.6288611	-25.6563966
	-66.628468	-25.6638225
	-66.6288141	-25.670647
	-66.6321423	-25.6792133
	-66.6327545	-25.6858271
	-66.6329695	-25.6895867
	-66.6407852	-25.6981099
	-66.6440191	-25.702543
	-66.6451291	-25.7099833
	-66.6435963	-25.71803
	-66.6610829	-25.7199654
	-66.6750467	-25.7236334
	-66.6943932	-25.7292638
	-66.7204069	-25.7279652
	-66.7260398	-25.7276771
	-66.7311306	-25.7278373
	-66.7420665	-25.728075
	-66.7486751	-25.7282187
	-66.767225	-25.7278389
	-66.7757923	-25.7272019
	-66.7906006	-25.7276312
	-66.8126359	-25.7263797
	-66.8239337	-25.7253888
	-66.8404515	-25.725646
	-66.8496043	-25.7259825
	-66.8527297	-25.72979
	-66.8554345	-25.7360289
	-66.860321	-25.742374
	-66.862614	-25.743788
	-66.8632833	-25.7485486
	-66.8644159	-25.7535747
	-66.8666266	-25.7576583
	-66.863783	-25.7630199
	-66.8606267	-25.7688897
	-66.8542257	-25.7809674
	-66.8520673	-25.7876457
	-66.8516972	-25.7909395
	-66.8531215	-25.7961969
	-66.8516713	-25.8055149
	-66.8477318	-25.8101025
	-66.8464659	-25.823143
	-66.8441768	-25.8345618
	-66.8432084	-25.8433116
	-66.8391988	-25.8654495
	-66.8379794	-25.8753691
	-66.8360629	-25.8802852
	-66.8357325	-25.8828148
	-66.8394501	-25.8875333
	-66.8419422	-25.8918689
	-66.8438661	-25.8975185
	-66.8445593	-25.9018406
	-66.8443409	-25.9093141
	-66.844992	-25.9120821
	-66.8489161	-25.915029
	-66.854755	-25.9181415
	-66.8522541	-25.922446
	-66.8481631	-25.926009
	-66.8483126	-25.9304533
	-66.849253	-25.9368362
	-66.8445539	-25.9490781
	-66.8448782	-25.9552117
	-66.8417306	-25.9650579
	-66.8381422	-25.9774693
	-66.8321039	-25.9880483
	-66.8250476	-25.9973102
	-66.8158177	-26.0019227
	-66.7997417	-26.019897
	-66.79555	-26.0213319
	-66.7910421	-26.0237715
	-66.7863283	-26.0238268
	-66.7841922	-26.0253547
	-66.7830306	-26.0261855
	-66.7784709	-26.0314119
	-66.7774609	-26.0345776
	-66.7764944	-26.0383405
	-66.7702695	-26.0418483
	-66.7578757	-26.0455999
	-66.7529064	-26.0531648
	-66.7424782	-26.0627148
	-66.7393456	-26.0696325
	-66.7349007	-26.0707487
	-66.7281591	-26.0662985
	-66.7080231	-26.0715086
	-66.7049576	-26.080317
	-66.6989697	-26.0818263
	-66.6942508	-26.0814253
	-66.6940769	-26.0787055
	-66.691907	-26.0743659
	-66.6869453	-26.075383
	-66.6819531	-26.0762722
	-66.6779053	-26.0758445
	-66.6716846	-26.0811988
	-66.664774	-26.0856789
	-66.6578897	-26.0947702
	-66.6541048	-26.102905
	-66.6440142	-26.1083942
	-66.6417612	-26.111194
	-66.638382	-26.1169564
	-66.6377943	-26.1217158
	-66.6288827	-26.1224071
	-66.6231736	-26.1279835
	-66.6206113	-26.1376213
	-66.6207268	-26.1415814
	-66.6135699	-26.1465211
	-66.6077768	-26.147405
	-66.6027443	-26.1479461
	-66.5886114	-26.155094
	-66.5838019	-26.1605629
	-66.5838009	-26.1667858
	-66.5792739	-26.1742951
	-66.5780728	-26.181891
	-66.5796701	-26.1899952
	-66.5796938	-26.196782
	-66.5799559	-26.2018904
	-66.5797431	-26.2114308
	-66.5738433	-26.2172142
	-66.572049	-26.2238599
	-66.5707326	-26.2308111
	-66.5698963	-26.2366913
	-66.5724325	-26.2390746
	-66.5736249	-26.2476709
	-66.5735116	-26.2539842
	-66.5746686	-26.2616161
	-66.5748246	-26.2652655
	-66.5737859	-26.2705509
	-66.5680174	-26.2760579
	-66.5648897	-26.2812329
	-66.5696325	-26.2852381
	-66.5668717	-26.2895674
	-66.5679373	-26.2937101
	-66.5649536	-26.3065809
	-66.5638392	-26.3090819
	-66.5601566	-26.3122786
	-66.5588497	-26.315132
	-66.5534114	-26.3194227
	-66.5564562	-26.3223167
	-66.5579164	-26.3273778
	-66.5541784	-26.3299134
	-66.5538928	-26.3326799
	-66.5514642	-26.3334156
	-66.5536712	-26.3409646
	-66.5493921	-26.3425537
	-66.548503	-26.3498837
	-66.5441074	-26.3522272
	-66.5401611	-26.3544553
	-66.5333497	-26.3588305
	-66.5226379	-26.357493
	-66.5140684	-26.363867
	-66.5060223	-26.3599437
	-66.5010851	-26.3636114
	-66.4965793	-26.364431
	-66.4932738	-26.3661503
	-66.4843537	-26.3667873
	-66.4800199	-26.3656428
	-66.475744	-26.364282
	-66.4730309	-26.3639744
	-66.4698319	-26.3615483
	-66.4655936	-26.3586272
	-66.4596324	-26.356488
	-66.4544332	-26.3571461
	-66.450347	-26.3516415
	-66.4487891	-26.3469255
	-66.4418525	-26.3450433
	-66.4341629	-26.3462154
	-66.4327593	-26.3539865
	-66.4305881	-26.3607051
	-66.4280226	-26.3724655
	-66.411597	-26.3748926
	-66.4001363	-26.3739242
	-66.3895061	-26.3713716
	-66.3722348	-26.3821128
	-66.3706878	-26.3961224
	-66.3616771	-26.4022897
	-66.3615719	-26.3958897
	-66.3563571	-26.3938152
	-66.3577469	-26.3888785
	-66.3585988	-26.3797674
	-66.3605138	-26.3728057
	-66.3532106	-26.3666781
	-66.3595209	-26.3606104
	-66.3579977	-26.3550109
	-66.3573707	-26.347127
	-66.3554993	-26.3414096
	-66.3534212	-26.3296587
	-66.3461022	-26.3235038
	-66.3325452	-26.3183699
	-66.3314664	-26.3045459
	-66.330855	-26.2928644
	-66.3271083	-26.2868148
	-66.3171161	-26.2831312
	-66.3131087	-26.2799876
	-66.3103508	-26.2778924
	-66.3076289	-26.2751696
	-66.3064916	-26.2726235
	-66.3062244	-26.2685031
	-66.3077422	-26.26599
	-66.3087256	-26.2640091
	-66.3096714	-26.2615828
	-66.3084531	-26.2598919
	-66.3037138	-26.255994
	-66.3018611	-26.2518367
	-66.2983379	-26.2356137
	-66.2956819	-26.228346
	-66.2889997	-26.2185353
	-66.2883708	-26.2147272
	-66.2745985	-26.2048055
	-66.2714229	-26.2013006
	-66.2671853	-26.1931194
	-66.2584369	-26.1866937
	-66.2523335	-26.1800896
	-66.2462085	-26.1753459
	-66.2458788	-26.1705123
	-66.2457046	-26.1640372
	-66.246155	-26.161245
	-66.2424511	-26.1588083
	-66.2383905	-26.1558267
	-66.2329518	-26.1500538
	-66.2247977	-26.1490507
	-66.2215576	-26.145775
	-66.2202903	-26.1407923
	-66.2173848	-26.1396569
	-66.2131399	-26.1370983
	-66.2112211	-26.1358144
	-66.2088534	-26.1315634
	-66.2048386	-26.1310151
	-66.1984645	-26.1307832
	-66.1925308	-26.1310774
	-66.1904933	-26.1339258
	-66.1883662	-26.1366485
	-66.1847457	-26.1352343
	-66.1786562	-26.1331251
	-66.1734154	-26.1336928
	-66.1697582	-26.1359209
	-66.1688106	-26.1378637
	-66.1667527	-26.1400947
	-66.1619999	-26.1407006
	-66.1587757	-26.1429756
	-66.1587116	-26.1447034
	-66.1532638	-26.1493993
	-66.1507935	-26.1538624
	-66.1469429	-26.1742066
	-66.1400314	-26.1761637
	-66.1307517	-26.1803631
	-66.1268586	-26.1870079
	-66.1234216	-26.1900709
	-66.1206043	-26.19334
	-66.118561	-26.195723
	-66.1144598	-26.2005268
	-66.108	-26.2072001
	-66.1041001	-26.2094
	-66.1023001	-26.212
	-66.0992001	-26.2166
	-66.0998001	-26.2205
	-66.1009001	-26.2265
	-66.1014001	-26.2281
	-66.1017001	-26.2289
	-66.1015001	-26.2305
	-66.1015001	-26.2317
	-66.1010001	-26.2325
	-66.1006001	-26.2348
	-66.1003994	-26.2355007
	-66.1003999	-26.2371812
	-66.0998055	-26.2397761
	-66.0977298	-26.2449535
	-66.095296	-26.2479879
	-66.0989615	-26.2550973
	-66.1055789	-26.2524246
	-66.1162272	-26.2515646
	-66.1187751	-26.2561044
	-66.1148936	-26.2607482
	-66.1193428	-26.2633695
	-66.1225053	-26.2723631
	-66.1206291	-26.2757696
	-66.1204046	-26.2785421
	-66.1202308	-26.2796958
	-66.1218129	-26.2819005
	-66.1221981	-26.2897211
	-66.1202795	-26.2924209
	-66.1255409	-26.2986876
	-66.1203609	-26.3042765
	-66.1218862	-26.3092376
	-66.1233186	-26.310393
	-66.1231321	-26.3130368
	-66.1188623	-26.3156147
	-66.1196583	-26.3207883
	-66.117818	-26.3250163
	-66.1148587	-26.3329874
	-66.1154183	-26.3352013
	-66.1145063	-26.3379962
	-66.1142961	-26.3386922
	-66.114114	-26.3400846
	-66.1146748	-26.3429395
	-66.1135003	-26.3472947
	-66.1118338	-26.3502691
	-66.1086742	-26.3525926
	-66.1096705	-26.3551328
	-66.1095971	-26.3559138
	-66.1178445	-26.3574763
	-66.1184616	-26.3592153
	-66.1178138	-26.3611855
	-66.1186823	-26.363586
	-66.1178604	-26.3660619
	-66.1171585	-26.3697075
	-66.1188219	-26.3740022
	-66.1159633	-26.3766584
	-66.1194269	-26.3798903
	-66.1258021	-26.3850414
	-66.1287457	-26.3889437
	-66.1326951	-26.3925044
	-66.1354244	-26.3931165
	-66.1389069	-26.3941042
	-66.1417431	-26.3961511
	-66.1454039	-26.3993963
	-66.1485135	-26.4010112
	-66.1512522	-26.4023526
	-66.157694	-26.4033775
	-66.1582994	-26.4112991
	-66.1617705	-26.4153875
	-66.1621446	-26.4168659
	-66.1627444	-26.4192809
	-66.1599296	-26.4215923
	-66.1572728	-26.4246268
	-66.1566164	-26.4301921
	-66.1562604	-26.4318176
	-66.1558336	-26.4339496
	-66.1563252	-26.4373213
	-66.157114	-26.4425138
	-66.158928	-26.4500497
	-66.1593176	-26.4518418
	-66.1659016	-26.4596973
	-66.1682037	-26.4625124
	-66.1701886	-26.4659334
	-66.1711358	-26.4673977
	-66.1741604	-26.4714717
	-66.1755756	-26.4736068
	-66.1780334	-26.4777649
	-66.1783359	-26.4817811
	-66.1776248	-26.4856868
	-66.1759845	-26.4863344
	-66.1717497	-26.4918661
	-66.1681099	-26.4945977
	-66.166796	-26.4989123
	-66.1632159	-26.502825
	-66.1698438	-26.5036641
	-66.1672271	-26.5071446
	-66.1710585	-26.5075827
	-66.1743227	-26.5117151
	-66.1714882	-26.5187096
	-66.1700486	-26.5240497
	-66.170099	-26.5276117
	-66.1655442	-26.5286242
	-66.1658194	-26.531778
	-66.1640281	-26.5345001
	-66.1649445	-26.5381549
	-66.1682726	-26.5410076
	-66.1673978	-26.5425693
	-66.169879	-26.5453259
	-66.1676381	-26.54802
	-66.1670879	-26.5540119
	-66.1652879	-26.5602846
	-66.169197	-26.562598
	-66.1664425	-26.5660243
	-66.1658416	-26.5689914
	-66.1681395	-26.5707596
	-66.1718303	-26.569572
	-66.1733202	-26.5696841
	-66.1749677	-26.5714069
	-66.1733505	-26.5762795
	-66.175781	-26.5770261
	-66.1758091	-26.581411
	-66.1723518	-26.5854118
	-66.1718576	-26.5894808
	-66.174548	-26.5921399
	-66.1779706	-26.5915201
	-66.1787049	-26.5927165
	-66.1788542	-26.5952135
	-66.1786635	-26.5981581
	-66.1846551	-26.5961588
	-66.1874073	-26.5958022
	-66.1867718	-26.5970418
	-66.1873911	-26.5990259
	-66.187125	-26.6007744
	-66.18812	-26.6030481
	-66.1875836	-26.6037354
	-66.1890329	-26.6062906
	-66.1893044	-26.6086164
	-66.188771	-26.6097307
	-66.1875886	-26.6113087
	-66.1901802	-26.6122838
	-66.1898206	-26.613279
	-66.1888526	-26.6146874
	-66.1879625	-26.6154535
	-66.1881611	-26.6166442
	-66.1880509	-26.617248
	-66.1883529	-26.6180528
	-66.1878161	-26.6188489
	-66.186903	-26.619619
	-66.1886494	-26.621552
	-66.1894842	-26.6229577
	-66.1894534	-26.625795
	-66.1892784	-26.6292671
	-66.1875281	-26.6318949
	-66.1844949	-26.6323167
	-66.0427426	-26.6014251
	-66.0406599	-26.6027214
	-65.9722499	-26.6452908
	-65.8438546	-26.7251448
	-65.8351958	-26.730528
	-65.8354762	-26.7344472
	-65.8300029	-26.7440786
	-65.8295962	-26.7530111
	-65.8267483	-26.7586834
	-65.829883	-26.760177
	-65.8373791	-26.762986
	-65.836111	-26.7702132
	-65.846333	-26.7852549
	-65.8553627	-26.7955227
	-65.8573771	-26.7998095
	-65.8851537	-26.8203033
	-65.8989839	-26.8326937
	-65.9102646	-26.8403767
	-65.9100644	-26.844352
	-65.9061325	-26.8482807
	-65.9037149	-26.8612416
	-65.8980058	-26.8679614
	-65.8869497	-26.8793434
	-65.8920915	-26.8837237
	-65.8872992	-26.8865008
	-65.8836813	-26.8830248
	-65.8802095	-26.8820573
	-65.8753431	-26.8837285
	-65.8739572	-26.8888982
	-65.8737102	-26.8921578
	-65.870925	-26.8943608
	-65.8616022	-26.8979534
	-65.8560017	-26.9038233
	-65.8557119	-26.9102101
	-65.8564813	-26.9119622
	-65.8570483	-26.9132534
	-65.8575559	-26.9144092
	-65.8538987	-26.9161255
	-65.8558773	-26.9221866
	-65.8585296	-26.9285873
	-65.8554577	-26.9310239
	-65.8597559	-26.9347813
	-65.864124	-26.933074
	-65.865045	-26.931648
	-65.8703697	-26.9337362
	-65.8734688	-26.9343561
	-65.8768364	-26.9455192
	-65.8788923	-26.9464774
	-65.8747867	-26.9482889
	-65.8740686	-26.9526498
	-65.8791022	-26.9605365
	-65.8887292	-26.9621259
	-65.8940936	-26.9674404
	-65.8962895	-26.969402
	-65.8996007	-26.9722605
	-65.9039011	-26.9761732
	-65.9142801	-26.9805398
	-65.9125456	-26.9861381
	-65.9167504	-26.9900387
	-65.9153235	-26.9936587
	-65.9148736	-26.9960304
	-65.9163611	-26.9978137
	-65.9155253	-27.0025366
	-65.9123704	-27.0058104
	-65.9143061	-27.0078841
	-65.9151281	-27.0106304
	-65.9190741	-27.0167178
	-65.9241036	-27.0180194
	-65.9319778	-27.0179064
	-65.936122	-27.0189105
	-65.9390922	-27.0194476
	-65.9468718	-27.0232116
	-65.9486934	-27.027168
	-65.9544474	-27.0296698
	-65.9572057	-27.032325
	-65.9602386	-27.0334616
	-65.964054	-27.0327077
	-65.9651909	-27.033843
	-65.9650151	-27.0446919
	-65.9675472	-27.0474015
	-65.9664887	-27.0506265
	-65.9661836	-27.0524086
	-65.9683556	-27.053974
	-65.9732178	-27.053836
	-65.9753305	-27.0564466
	-65.9749014	-27.0592554
	-65.9734424	-27.0623259
	-65.9709659	-27.0689495
	-65.9734609	-27.0807185
	-65.9756327	-27.0850198
	-65.9768426	-27.0927969
	-65.9809297	-27.0987966
	-65.9806651	-27.1048186
	-65.9857342	-27.1090952
	-65.9871102	-27.1102561
	-65.9923722	-27.1113183
	-66.0037316	-27.1095501
	-66.0090591	-27.1119218
	-66.0178582	-27.1132438
	-66.0228863	-27.1214547
	-66.0311427	-27.1241237
	-66.0345017	-27.1294375
	-66.0432503	-27.1375782
	-66.0548852	-27.1436346
	-66.055604	-27.147433
	-66.0561745	-27.1504471
	-66.0558295	-27.1532627
	-66.0549123	-27.1549486
	-66.0585183	-27.1569196
	-66.0595746	-27.1582012
	-66.064768	-27.1603782
	-66.0644018	-27.1655082
	-66.061777	-27.1690422
	-66.0654542	-27.1747668
	-66.0684263	-27.1776024
	-66.0681394	-27.1831305
	-66.0694409	-27.1896113
	-66.0754692	-27.1916209
	-66.0768314	-27.1945757
	-66.0763216	-27.1990311
	-66.0825427	-27.1992274
	-66.0807907	-27.2066063
	-66.0786939	-27.210189
	-66.0881322	-27.2118938
	-66.0936293	-27.2133272
	-66.0941574	-27.213054
	-66.0949064	-27.2130796
	-66.0955593	-27.2129856
	-66.0963948	-27.2130027
	-66.0968653	-27.2127892
	-66.0978447	-27.2131308
	-66.0983825	-27.2132333
	-66.0989874	-27.2137628
	-66.0996692	-27.2141129
	-66.1008503	-27.2148131
	-66.1019258	-27.2156756
	-66.1033182	-27.216094
	-66.1044994	-27.2163332
	-66.1065255	-27.2162563
	-66.1083212	-27.2158122
	-66.10859	-27.2159062
	-66.1090509	-27.2158293
	-66.1097423	-27.2154963
	-66.1102129	-27.2155219
	-66.1106546	-27.2157354
	-66.1132666	-27.2147533
	-66.115187	-27.2125843
	-66.1152734	-27.2120719
	-66.1157343	-27.2114314
	-66.115936	-27.2112777
	-66.1159744	-27.2105347
	-66.1165506	-27.2096893
	-66.1172131	-27.2089378
	-66.1173723	-27.2079531
	-66.1179909	-27.207503
	-66.1185095	-27.207076
	-66.1194025	-27.2066746
	-66.1195082	-27.2070333
	-66.1198827	-27.2078105
	-66.1203724	-27.2079386
	-66.1207085	-27.2089975
	-66.1217167	-27.2095185
	-66.1228114	-27.209527
	-66.1237045	-27.2105603
	-66.1261377	-27.2112639
	-66.1254329	-27.2126355
	-66.1249528	-27.2139933
	-66.1234453	-27.2161282
	-66.123282	-27.2171273
	-66.1228595	-27.2180496
	-66.1219134	-27.2201573
	-66.1223793	-27.2215848
	-66.122581	-27.2229083
	-66.122879	-27.2232466
	-66.1246595	-27.2249667
	-66.122001	-27.228055
	-66.1238699	-27.2342289
	-66.1230677	-27.2377749
	-66.1333305	-27.2406819
	-66.1342406	-27.2476103
	-66.1339145	-27.2532666
	-66.12921	-27.2597148
	-66.1267011	-27.263411
	-66.1237401	-27.2642727
	-66.1199358	-27.2646393
	-66.1177064	-27.2655136
	-66.1153952	-27.2677038
	-66.1136402	-27.2698472
	-66.10969	-27.2730133
	-66.1067778	-27.2739636
	-66.1059609	-27.2739806
	-66.104775	-27.274953
	-66.1021184	-27.2747879
	-66.1005074	-27.275404
	-66.098449	-27.2766913
	-66.0955106	-27.2773896
	-66.0927148	-27.2772886
	-66.0908959	-27.2785395
	-66.0888825	-27.2810015
	-66.0876605	-27.2821038
	-66.0864788	-27.2826847
	-66.0850638	-27.2839367
	-66.0809095	-27.2860971
	-66.0802112	-27.2871341
	-66.078632	-27.2871725
	-66.0769484	-27.2881422
	-66.0750168	-27.2884379
	-66.072897	-27.2899226
	-66.0719288	-27.2900902
	-66.0711283	-27.2901101
	-66.0680843	-27.2913633
	-66.0623385	-27.2924778
	-66.0616625	-27.2922173
	-66.0616851	-27.2915676
	-66.0608864	-27.2916794
	-66.0599901	-27.292238
	-66.0595826	-27.2933725
	-66.0586615	-27.2937947
	-66.0571623	-27.293352
	-66.0564662	-27.293515
	-66.0556997	-27.294077
	-66.0545556	-27.2939625
	-66.0533657	-27.2944352
	-66.0520423	-27.29566
	-66.0509617	-27.2961746
	-66.0501826	-27.2962505
	-66.0496894	-27.2957692
	-66.0488917	-27.2959406
	-66.0470845	-27.2956017
	-66.0450131	-27.2956588
	-66.0429849	-27.2965713
	-66.041459	-27.2966747
	-66.0390474	-27.296065
	-66.0359966	-27.2971298
	-66.0347081	-27.2976806
	-66.0329008	-27.2975248
	-66.0322809	-27.2979534
	-66.0309663	-27.2982805
	-66.0296216	-27.2980914
	-66.0244222	-27.3012139
	-66.0178063	-27.3040125
	-66.0157584	-27.3060989
	-66.0135261	-27.3080818
	-66.0118863	-27.3099863
	-66.0108801	-27.3107127
	-66.0096499	-27.3106375
	-66.0088305	-27.3103231
	-66.0080863	-27.3102635
	-66.0069796	-27.3108992
	-66.0045623	-27.3115709
	-65.9991211	-27.3127378
	-65.9941327	-27.3145846
	-65.9933632	-27.3162402
	-65.9920902	-27.3174133
	-65.9900499	-27.3188642
	-65.9889472	-27.3204052
	-65.9874971	-27.3214406
	-65.9865402	-27.3231296
	-65.9859507	-27.3235858
	-65.9843742	-27.3238608
	-65.9838215	-27.3243402
	-65.9823616	-27.3262917
	-65.9814421	-27.3266041
	-65.9800791	-27.3273593
	-65.9791495	-27.328399
	-65.9782437	-27.3295738
	-65.9769627	-27.3301705
	-65.9758377	-27.3303053
	-65.9740373	-27.3308806
	-65.972501	-27.3321464
	-65.9714336	-27.3331152
	-65.9709917	-27.3463181
	-65.9709068	-27.3488548
	-65.9701334	-27.3498012
	-65.9699968	-27.3507988
	-65.9695892	-27.3516504
	-65.9693767	-27.3522965
	-65.9691374	-27.3527908
	-65.9686194	-27.3535484
	-65.9677963	-27.3552441
	-65.967158	-27.3560883
	-65.9667149	-27.3565272
	-65.9665361	-27.3569061
	-65.9665267	-27.3572448
	-65.9662925	-27.3581912
	-65.9659075	-27.3592394
	-65.9659656	-27.3595685
	-65.9671946	-27.3603696
	-65.9675381	-27.3607814
	-65.9677161	-27.3613983
	-65.968138	-27.3622861
	-65.96849	-27.3628687
	-65.9684896	-27.3634797
	-65.9684567	-27.3639855
	-65.9680613	-27.365036
	-65.9680548	-27.3653553
	-65.9676588	-27.3660364
	-65.967296	-27.3667749
	-65.9675643	-27.3674544
	-65.967563	-27.3685482
	-65.9677341	-27.3690767
	-65.9679065	-27.3697464
	-65.9680902	-27.3702341
	-65.9678427	-27.3709934
	-65.9675308	-27.3713714
	-65.9666393	-27.3719439
	-65.9669998	-27.3723718
	-65.9672796	-27.3726285
	-65.967422	-27.3739791
	-65.967149	-27.3743769
	-65.9665431	-27.3748726
	-65.9660903	-27.3757666
	-65.965954	-27.3763227
	-65.9660182	-27.376718
	-65.9668657	-27.377208
	-65.9668614	-27.3777414
	-65.9665352	-27.378133
	-65.9662261	-27.3788563
	-65.9661093	-27.379637
	-65.9657374	-27.380318
	-65.9653242	-27.3808732
	-65.964633	-27.3816061
	-65.9636214	-27.3822287
	-65.963626	-27.3825672
	-65.964146	-27.3825778
	-65.9646018	-27.3827344
	-65.9648344	-27.3829032
	-65.9649165	-27.3832913
	-65.964924	-27.3837522
	-65.9647866	-27.3839804
	-65.9649154	-27.3843061
	-65.964924	-27.385397
	-65.9656565	-27.3858874
	-65.9665252	-27.3861022
	-65.9663559	-27.3874128
	-65.9657898	-27.3876864
	-65.9642301	-27.3877576
	-65.9673452	-27.3991576
	-65.9681917	-27.401931
	-65.969379	-27.4061774
	-65.9710429	-27.4071301
	-65.9719778	-27.4078866
	-65.9725371	-27.4084483
	-65.9730872	-27.4087258
	-65.9736106	-27.4093888
	-65.9741166	-27.4099195
	-65.9747004	-27.4103087
	-65.9751209	-27.4106796
	-65.9754445	-27.4116528
	-65.9757383	-27.412217
	-65.9757909	-27.4127795
	-65.9757939	-27.413661
	-65.9759905	-27.4138825
	-65.976179	-27.414013
	-65.9763773	-27.4143654
	-65.976281	-27.4146226
	-65.9762383	-27.4148801
	-65.9759905	-27.4150597
	-65.9758433	-27.4153718
	-65.9756013	-27.4157574
	-65.9746952	-27.4164429
	-65.9743319	-27.4168544
	-65.9738572	-27.4171097
	-65.9735666	-27.4173259
	-65.9731159	-27.4174596
	-65.9729689	-27.4175537
	-65.9728373	-27.4177114
	-65.9727859	-27.4178892
	-65.9732239	-27.418112
	-65.9733761	-27.4185017
	-65.9733754	-27.4190874
	-65.973227	-27.4199496
	-65.9735731	-27.4206874
	-65.9734296	-27.4210779
	-65.9729006	-27.42183
	-65.9729443	-27.4221945
	-65.9728963	-27.4225785
	-65.9728095	-27.4228339
	-65.9727546	-27.4231378
	-65.9727454	-27.4234343
	-65.9727057	-27.4237544
	-65.972461	-27.4242348
	-65.9724652	-27.4251502
	-65.9721635	-27.4257791
	-65.9711126	-27.4273264
	-65.9705265	-27.4274127
	-65.9699577	-27.4280245
	-65.9692686	-27.4282059
	-65.9690358	-27.4282718
	-65.9687303	-27.428462
	-65.9684965	-27.4285759
	-65.9684455	-27.4288333
	-65.9685365	-27.4289622
	-65.9686423	-27.4292765
	-65.9686377	-27.4298693
	-65.968616	-27.4300535
	-65.9685874	-27.4302826
	-65.9685378	-27.430371
	-65.9685308	-27.4312984
	-65.9687269	-27.4316082
	-65.9696875	-27.4318695
	-65.9701743	-27.4320927
	-65.9707775	-27.432949
	-65.9711256	-27.4333551
	-65.9716671	-27.4338539
	-65.9721586	-27.4341264
	-65.972739	-27.4342566
	-65.9731268	-27.434568
	-65.9733191	-27.4350065
	-65.9736021	-27.4353567
	-65.9740831	-27.4356644
	-65.9746272	-27.4358725
	-65.9750607	-27.4360721
	-65.9756882	-27.4365176
	-65.9764607	-27.4367353
	-65.9768434	-27.4373054
	-65.9772893	-27.4377089
	-65.9778655	-27.4380153
	-65.9782517	-27.438418
	-65.9779598	-27.4387677
	-65.9772888	-27.438806
	-65.9767624	-27.438885
	-65.9762078	-27.4390675
	-65.9757282	-27.4394525
	-65.9755235	-27.4399526
	-65.9753855	-27.4402157
	-65.9749455	-27.4410324
	-65.9749386	-27.4423015
	-65.9750816	-27.4432244
	-65.9750822	-27.4442284
	-65.9749796	-27.4453289
	-65.9749676	-27.4458818
	-65.9749227	-27.4462465
	-65.9749666	-27.4467284
	-65.975206	-27.4470813
	-65.9751072	-27.4476261
	-65.9750653	-27.4479959
	-65.9750563	-27.4483655
	-65.9748638	-27.4488421
	-65.9746717	-27.4491893
	-65.9746161	-27.4497604
	-65.9739313	-27.4500666
	-65.9736413	-27.4504166
	-65.9740227	-27.4506759
	-65.9745106	-27.4511194
	-65.9749394	-27.4513418
	-65.9753892	-27.4514327
	-65.9759921	-27.4518543
	-65.9771718	-27.4527181
	-65.9767302	-27.4535437
	-65.9762477	-27.4537648
	-65.975759	-27.4540719
	-65.9755214	-27.4549838
	-65.9751888	-27.455533
	-65.9747881	-27.4560836
	-65.974448	-27.4571005
	-65.9741947	-27.4577056
	-65.9741444	-27.4585896
	-65.9747587	-27.4608687
	-65.9746587	-27.4615777
	-65.9740684	-27.4632323
	-65.9737332	-27.4635862
	-65.9738236	-27.4640193
	-65.9740329	-27.46433
	-65.974208	-27.4646814
	-65.9740607	-27.4651216
	-65.9738167	-27.4652955
	-65.9733786	-27.4653412
	-65.9730378	-27.4655614
	-65.9729426	-27.465864
	-65.9727399	-27.466789
	-65.9724445	-27.4673989
	-65.972061	-27.4677499
	-65.9717128	-27.4681241
	-65.9713288	-27.4696343
	-65.9715115	-27.4698594
	-65.9721417	-27.4702179
	-65.9724767	-27.4706065
	-65.9723728	-27.471005
	-65.9720474	-27.4713697
	-65.9719007	-27.4716973
	-65.9722302	-27.4722284
	-65.9726337	-27.472459
	-65.972958	-27.4727662
	-65.9731858	-27.4732281
	-65.9733907	-27.4734655
	-65.9734982	-27.4737845
	-65.9736796	-27.4741595
	-65.9735815	-27.4753024
	-65.9732825	-27.4757547
	-65.9733326	-27.475972
	-65.9733297	-27.4763094
	-65.9732261	-27.4770211
	-65.9728339	-27.4776884
	-65.9726889	-27.4785041
	-65.9726405	-27.4785998
	-65.9729258	-27.4791246
	-65.9729761	-27.479662
	-65.972837	-27.4801079
	-65.9720037	-27.4812696
	-65.9720431	-27.4815715
	-65.9722379	-27.4818878
	-65.9725374	-27.4821111
	-65.9726268	-27.4824197
	-65.9723524	-27.4827997
	-65.9719036	-27.4830794
	-65.9715431	-27.4836976
	-65.9716475	-27.4840846
	-65.9718352	-27.484441
	-65.9719343	-27.4851948
	-65.9720265	-27.485673
	-65.9722449	-27.4859027
	-65.9727619	-27.4859894
	-65.9732117	-27.4866902
	-65.9734932	-27.4872142
	-65.9734942	-27.4876325
	-65.9735397	-27.488106
	-65.9737377	-27.4883903
	-65.9742267	-27.4892907
	-65.9746034	-27.4895906
	-65.9747926	-27.4899888
	-65.9748503	-27.4902922
	-65.9749984	-27.4906398
	-65.9751326	-27.4917502
	-65.9750835	-27.4923687
	-65.9751306	-27.4933506
	-65.9752746	-27.4942522
	-65.9752338	-27.4953516
	-65.974709	-27.4962667
	-65.9744413	-27.4966713
	-65.9744363	-27.4976383
	-65.9751441	-27.4983859
	-65.9755973	-27.4988156
	-65.9761503	-27.4992691
	-65.9764065	-27.499612
	-65.9767849	-27.4998958
	-65.9768546	-27.5000096
	-65.9768568	-27.5002984
	-65.9772288	-27.5013888
	-65.9772943	-27.5016785
	-65.9767866	-27.5022491
	-65.9765856	-27.5027712
	-65.9761493	-27.5031132
	-65.9749243	-27.5032976
	-65.9746085	-27.5039585
	-65.9744822	-27.5043754
	-65.974151	-27.5047307
	-65.9738454	-27.5049557
	-65.9731873	-27.5055366
	-65.9729824	-27.5058318
	-65.9728748	-27.5061735
	-65.9724231	-27.5064034
	-65.9717664	-27.5069224
	-65.9715803	-27.5073875
	-65.971899	-27.507614
	-65.9719584	-27.5078981
	-65.9716237	-27.5081791
	-65.9714365	-27.508306
	-65.9712394	-27.5083663
	-65.9707396	-27.5084188
	-65.9704129	-27.5085413
	-65.9702099	-27.508941
	-65.9699833	-27.5092011
	-65.9698235	-27.5094581
	-65.9697065	-27.5100229
	-65.969701	-27.5104867
	-65.9695089	-27.5108318
	-65.9692452	-27.5111165
	-65.9691164	-27.5116862
	-65.9689201	-27.5121555
	-65.9688597	-27.5125446
	-65.968669	-27.512894
	-65.9682103	-27.5130678
	-65.9681487	-27.5134808
	-65.9681942	-27.5140224
	-65.968333	-27.5143367
	-65.968276	-27.5147621
	-65.9682614	-27.5150816
	-65.9685833	-27.5155446
	-65.9686587	-27.5158937
	-65.9683195	-27.5164933
	-65.967981	-27.5172914
	-65.9677655	-27.5175045
	-65.9674328	-27.5177747
	-65.9675279	-27.5180051
	-65.9675741	-27.5181935
	-65.9676964	-27.5188769
	-65.9675626	-27.5191184
	-65.9674109	-27.5194672
	-65.9673837	-27.520057
	-65.967581	-27.5207251
	-65.9679227	-27.5211864
	-65.9683466	-27.5215345
	-65.9688919	-27.5215838
	-65.9693081	-27.5218017
	-65.9697687	-27.521892
	-65.9701742	-27.5220589
	-65.9708165	-27.5229346
	-65.9706724	-27.5233554
	-65.9706128	-27.5237279
	-65.970604	-27.5243134
	-65.9707904	-27.5245265
	-65.9710032	-27.5249136
	-65.9709307	-27.5252529
	-65.9707934	-27.5254526
	-65.9707604	-27.5257095
	-65.9709312	-27.5262676
	-65.9708344	-27.5265083
	-65.9705559	-27.5269292
	-65.9701986	-27.5269708
	-65.9697654	-27.5268408
	-65.9694674	-27.5270531
	-65.9694221	-27.5273752
	-65.9693314	-27.5276897
	-65.9689354	-27.5285925
	-65.968821	-27.5290841
	-65.9684389	-27.5297812
	-65.9677642	-27.5314581
	-65.9674699	-27.5318019
	-65.9675761	-27.5320489
	-65.9679215	-27.5322264
	-65.968013	-27.532726
	-65.9680855	-27.5335377
	-65.9679769	-27.5343288
	-65.9674022	-27.5344736
	-65.9671724	-27.534609
	-65.9669115	-27.5348346
	-65.9666264	-27.5349904
	-65.9664018	-27.5351864
	-65.9662681	-27.5354263
	-65.9660721	-27.5356439
	-65.9659971	-27.5358789
	-65.9660249	-27.536301
	-65.9663032	-27.5367611
	-65.9664325	-27.5375738
	-65.966147	-27.5379458
	-65.9656788	-27.5383748
	-65.9653591	-27.5387139
	-65.9652536	-27.5389652
	-65.9654176	-27.5394384
	-65.9660686	-27.5400629
	-65.9667017	-27.5404317
	-65.9663904	-27.5412015
	-65.9661794	-27.5416222
	-65.9663843	-27.5421344
	-65.9665411	-27.5423716
	-65.9666581	-27.542875
	-65.9666713	-27.543118
	-65.9666953	-27.5433028
	-65.9665897	-27.5436966
	-65.9664285	-27.5439075
	-65.9661693	-27.5439519
	-65.9659464	-27.5440167
	-65.9654994	-27.5442204
	-65.9650786	-27.5445739
	-65.9649417	-27.5447768
	-65.9648396	-27.5451155
	-65.9643647	-27.5455142
	-65.9642476	-27.5457939
	-65.9642857	-27.5459973
	-65.9655972	-27.546149
	-65.9658035	-27.546231
	-65.9658228	-27.5463202
	-65.9660113	-27.5466861
	-65.9660526	-27.5470782
	-65.9661827	-27.5472633
	-65.9663125	-27.5475025
	-65.96695	-27.5474625
	-65.9673473	-27.5473726
	-65.968539	-27.5472192
	-65.9688079	-27.5482026
	-65.9689538	-27.5484917
	-65.9695479	-27.5484936
	-65.969763	-27.5483643
	-65.9698398	-27.5482259
	-65.9702646	-27.5480039
	-65.9705792	-27.5480966
	-65.9707187	-27.5483273
	-65.9708028	-27.5486939
	-65.970992	-27.5492474
	-65.9709841	-27.5495359
	-65.9709562	-27.5498685
	-65.9709872	-27.550056
	-65.9710165	-27.5504313
	-65.97118	-27.5507057
	-65.9713798	-27.5509409
	-65.9716732	-27.5512341
	-65.9719788	-27.5512595
	-65.9721157	-27.5513789
	-65.9721143	-27.5516112
	-65.9719155	-27.5518394
	-65.971763	-27.5520843
	-65.9718287	-27.5524201
	-65.9718948	-27.5526178
	-65.9720017	-27.5528837
	-65.9721118	-27.5535539
	-65.9721674	-27.553691
	-65.9722368	-27.5537919
	-65.9723065	-27.554142
	-65.971748	-27.5543856
	-65.9713637	-27.5547443
	-65.9714316	-27.5551833
	-65.9714241	-27.5559926
	-65.971451	-27.5564555
	-65.9707957	-27.5569922
	-65.9701766	-27.5576611
	-65.9698938	-27.557869
	-65.9695746	-27.5582451
	-65.9693111	-27.558582
	-65.9688479	-27.5588463
	-65.9686597	-27.5586749
	-65.9683506	-27.5588081
	-65.9681934	-27.5591095
	-65.9680304	-27.559655
	-65.9678319	-27.5601969
	-65.9675996	-27.5606011
	-65.9668594	-27.5615493
	-65.9661565	-27.5616848
	-65.9658751	-27.561588
	-65.9655849	-27.5617274
	-65.9652573	-27.5619194
	-65.9652198	-27.5622851
	-65.9651041	-27.5627985
	-65.965105	-27.5632779
	-65.9647594	-27.5638263
	-65.9643768	-27.5642646
	-65.9639617	-27.5647182
	-65.963535	-27.5651165
	-65.9632812	-27.5656393
	-65.9627439	-27.5656957
	-65.9623756	-27.56567
	-65.9618911	-27.5656789
	-65.9611864	-27.5658553
	-65.9606285	-27.5658986
	-65.9603291	-27.5655649
	-65.9600244	-27.5654659
	-65.9592739	-27.5656449
	-65.9588483	-27.5659574
	-65.9588463	-27.5663254
	-65.9590326	-27.5666666
	-65.9592599	-27.5668997
	-65.959557	-27.566996
	-65.9599991	-27.5673802
	-65.9601127	-27.5675167
	-65.960194	-27.5677013
	-65.960384	-27.5681639
	-65.9604993	-27.5685488
	-65.9606093	-27.5693193
	-65.9602264	-27.5698376
	-65.959965	-27.5706056
	-65.9596121	-27.5709968
	-65.9592697	-27.5711627
	-65.9589026	-27.5712324
	-65.9583672	-27.5715461
	-65.9584379	-27.5718168
	-65.9584754	-27.5721033
	-65.9583999	-27.5725913
	-65.9577523	-27.5731134
	-65.9576386	-27.5736191
	-65.957904	-27.5738301
	-65.9582417	-27.5742215
	-65.9582776	-27.5744664
	-65.9581204	-27.5748659
	-65.9577868	-27.5752584
	-65.9574754	-27.5755251
	-65.9570562	-27.5757011
	-65.9568313	-27.5760847
	-65.9567939	-27.5765489
	-65.9567212	-27.5767521
	-65.9560734	-27.5772679
	-65.9558879	-27.5774636
	-65.9556734	-27.5783496
	-65.9551234	-27.578425
	-65.9545654	-27.5784001
	-65.954112	-27.5782616
	-65.953666	-27.5780723
	-65.9527794	-27.5781442
	-65.9523301	-27.5782472
	-65.9518601	-27.5784641
	-65.9514474	-27.5788695
	-65.9508829	-27.5792737
	-65.950492	-27.5797628
	-65.9501097	-27.5803451
	-65.9498058	-27.5810924
	-65.9498463	-27.5816905
	-65.9499156	-27.5822291
	-65.9499124	-27.5827857
	-65.9496532	-27.5835569
	-65.9493804	-27.5840367
	-65.9492639	-27.5843746
	-65.9493024	-27.58473
	-65.9495185	-27.5849126
	-65.9496848	-27.5850282
	-65.9496779	-27.5853331
	-65.9496068	-27.5855962
	-65.9493747	-27.5858447
	-65.9493006	-27.5860052
	-65.9489621	-27.5864878
	-65.9486518	-27.5865939
	-65.9483577	-27.5872118
	-65.9481428	-27.5877911
	-65.947836	-27.5879975
	-65.9476187	-27.5882971
	-65.9478874	-27.5884674
	-65.9478477	-27.5887413
	-65.9476083	-27.5889706
	-65.9475327	-27.5891307
	-65.9475303	-27.5897487
	-65.9470262	-27.5901648
	-65.9468344	-27.5903622
	-65.9465744	-27.5908057
	-65.9463468	-27.5913759
	-65.9461254	-27.5918178
	-65.9458022	-27.5921734
	-65.9453894	-27.5928572
	-65.9452359	-27.5932941
	-65.9452338	-27.5938371
	-65.9449633	-27.5943185
	-65.9442345	-27.5946375
	-65.9435515	-27.5955076
	-65.9432031	-27.5959259
	-65.9431322	-27.5963567
	-65.9431323	-27.5969436
	-65.943016	-27.5975625
	-65.9429846	-27.5979329
	-65.9429792	-27.5993698
	-65.9429366	-27.5997652
	-65.9426352	-27.6003068
	-65.942631	-27.6007816
	-65.9425931	-27.6014143
	-65.9426759	-27.6018827
	-65.942744	-27.6023816
	-65.9425127	-27.60307
	-65.9422756	-27.6033008
	-65.9419901	-27.6036786
	-65.9413385	-27.6036561
	-65.9411435	-27.6037943
	-65.9411474	-27.6041109
	-65.9413058	-27.6043262
	-65.9413458	-27.604688
	-65.9411044	-27.6049789
	-65.9407545	-27.6052496
	-65.9404864	-27.6057673
	-65.9405892	-27.6060803
	-65.9408389	-27.606522
	-65.9406134	-27.606863
	-65.9403221	-27.6071209
	-65.9400706	-27.6074143
	-65.9394748	-27.608205
	-65.9395541	-27.6085758
	-65.9394818	-27.6088312
	-65.9392872	-27.6091992
	-65.9392833	-27.6094221
	-65.9395611	-27.6096217
	-65.9396738	-27.6099804
	-65.9394409	-27.6110794
	-65.938727	-27.6117843
	-65.9385873	-27.6123034
	-65.938276	-27.6128356
	-65.9381551	-27.613197
	-65.9387798	-27.613475
	-65.938779	-27.6138094
	-65.9387097	-27.6141959
	-65.9386645	-27.6147173
	-65.9385823	-27.6150757
	-65.9385124	-27.6155099
	-65.9383613	-27.6158341
	-65.9384261	-27.6162813
	-65.9382281	-27.6166821
	-65.9378113	-27.6178763
	-65.9374976	-27.6187002
	-65.9367356	-27.6195213
	-65.9364616	-27.6212412
	-65.9353688	-27.6219135
	-65.9343903	-27.6222731
	-65.9340985	-27.6249027
	-65.933836	-27.6261698
	-65.9332164	-27.627923
	-65.9336725	-27.6300194
	-65.9329954	-27.6309199
	-65.932508	-27.6321416
	-65.9325395	-27.6335853
	-65.9326722	-27.6352977
	-65.9316333	-27.6363551
	-65.9316648	-27.6378984
	-65.9295947	-27.6406855
	-65.9306437	-27.6424932
	-65.9307684	-27.644308
	-65.929614	-27.6455197
	-65.9290089	-27.6474811
	-65.9270704	-27.6474897
	-65.9259503	-27.6498653
	-65.9247047	-27.6505364
	-65.9237028	-27.6506706
	-65.9232594	-27.6522459
	-65.9223678	-27.6531945
	-65.9220863	-27.6540956
	-65.9223956	-27.656191
	-65.9215179	-27.6565826
	-65.9210785	-27.6580662
	-65.9197395	-27.6594989
	-65.919401	-27.6605179
	-65.919047	-27.6623806
	-65.9178386	-27.6627489
	-65.9168031	-27.6631736
	-65.916214	-27.6644744
	-65.9166542	-27.6657982
	-65.9165239	-27.6667296
	-65.9145328	-27.6666835
	-65.9019734	-27.6664114
	-65.8874323	-27.6661104
	-65.8784446	-27.6659291
	-65.8778819	-27.6668799
	-65.8769223	-27.6677743
	-65.8768908	-27.669594
	-65.8758831	-27.6712231
	-65.8744562	-27.6731729
	-65.8739734	-27.6736573
	-65.8741072	-27.6748323
	-65.8732208	-27.676471
	-65.8722089	-27.6785676
	-65.8715497	-27.6794322
	-65.8711478	-27.6800581
	-65.8703104	-27.6820358
	-65.8687441	-27.6830544
	-65.8672279	-27.6835966
	-65.8672405	-27.6846115
	-65.8665312	-27.6856359
	-65.8660458	-27.6859868
	-65.8655872	-27.6864613
	-65.8648226	-27.6871472
	-65.8645051	-27.6875813
	-65.8641805	-27.6890018
	-65.863832	-27.6899544
	-65.8636482	-27.6917827
	-65.8632672	-27.6941817
	-65.8637043	-27.6954994
	-65.8649163	-27.6965409
	-65.8646531	-27.6978568
	-65.8649464	-27.6989773
	-65.8647056	-27.700222
	-65.8638916	-27.7018341
	-65.86354	-27.7038392
	-65.8631423	-27.7050571
	-65.8625725	-27.7056684
	-65.8619187	-27.7069157
	-65.8615561	-27.7091191
	-65.8627305	-27.7123484
	-65.8629679	-27.7144694
	-65.8624016	-27.7150695
	-65.8618229	-27.7155783
	-65.8619352	-27.7169673
	-65.861093	-27.7177076
	-65.8606752	-27.7178989
	-65.8614217	-27.7191201
	-65.8606782	-27.7198605
	-65.860803	-27.7216294
	-65.860617	-27.7223068
	-65.8604962	-27.7231992
	-65.8600743	-27.7234659
	-65.8599676	-27.7244502
	-65.8598864	-27.7250279
	-65.8592547	-27.7253916
	-65.8592209	-27.7268483
	-65.8586185	-27.7274993
	-65.8579598	-27.7278216
	-65.8573048	-27.7290805
	-65.8578894	-27.7296062
	-65.8573292	-27.7302835
	-65.8560219	-27.7309645
	-65.8552577	-27.7323507
	-65.8542166	-27.7345533
	-65.8543182	-27.7358636
	-65.8545621	-27.7365122
	-65.8540589	-27.737365
	-65.8535025	-27.7381637
	-65.8531416	-27.7384204
	-65.85277	-27.7387275
	-65.8533998	-27.7395529
	-65.8536264	-27.7404153
	-65.8534241	-27.740695
	-65.8534155	-27.7409158
	-65.8530768	-27.7413309
	-65.8522741	-27.7431655
	-65.8522587	-27.7446484
	-65.8506875	-27.7459157
	-65.8496143	-27.7499608
	-65.8472709	-27.7514965
	-65.8468539	-27.7533418
	-65.8469501	-27.7546668
	-65.8466907	-27.7567742
	-65.8454847	-27.7579654
	-65.8462025	-27.7591478
	-65.8455803	-27.7607113
	-65.8453593	-27.7619164
	-65.8456944	-27.7629941
	-65.8446318	-27.766158
	-65.8452507	-27.7682363
	-65.8445097	-27.7694897
	-65.8452859	-27.7702883
	-65.8439128	-27.7724968
	-65.8435798	-27.7732764
	-65.8433532	-27.7744729
	-65.8422887	-27.7754186
	-65.842442	-27.7769052
	-65.8419728	-27.7774067
	-65.8415853	-27.7784496
	-65.8408834	-27.7784244
	-65.8403538	-27.7788826
	-65.8400706	-27.7797486
	-65.8411837	-27.7825271
	-65.8416782	-27.7844725
	-65.8412018	-27.7861218
	-65.8394915	-27.78631
	-65.8391386	-27.7882476
	-65.8374826	-27.7895582
	-65.837944	-27.790797
	-65.8381456	-27.7931647
	-65.8377417	-27.7948321
	-65.8361538	-27.7968513
	-65.8361658	-27.7990715
	-65.8351187	-27.801932
	-65.8356762	-27.802763
	-65.8348249	-27.8034658
	-65.8339099	-27.8039031
	-65.8333387	-27.8051864
	-65.833759	-27.8064377
	-65.8345562	-27.8076216
	-65.8329271	-27.8087603
	-65.8323681	-27.8089701
	-65.8322292	-27.8094469
	-65.8322352	-27.8106882
	-65.8321816	-27.8117841
	-65.8308492	-27.8121741
	-65.8297769	-27.8126298
	-65.8286543	-27.8128835
	-65.827833	-27.8143482
	-65.8277787	-27.8157274
	-65.8283942	-27.8168994
	-65.8270667	-27.8186366
	-65.8256796	-27.8202837
	-65.8250764	-27.8224124
	-65.824494	-27.8233788
	-65.8239533	-27.8250608
	-65.8226869	-27.8267232
	-65.8217494	-27.8275114
	-65.8202407	-27.8277156
	-65.8195411	-27.8265891
	-65.8200068	-27.8256135
	-65.8208772	-27.8245383
	-65.8209977	-27.8235286
	-65.8207642	-27.8224078
	-65.8202186	-27.8210284
	-65.8200419	-27.8204272
	-65.8196022	-27.8199826
	-65.8189678	-27.8197713
	-65.8186118	-27.8204479
	-65.8185866	-27.8206784
	-65.8185538	-27.8207846
	-65.8181474	-27.8210101
	-65.8180241	-27.8214978
	-65.8176988	-27.8220263
	-65.8172447	-27.8216306
	-65.8171563	-27.8213128
	-65.816456	-27.8212028
	-65.8147245	-27.8212677
	-65.8143489	-27.821309
	-65.8131678	-27.8210022
	-65.8115544	-27.8209605
	-65.8107256	-27.8204035
	-65.8092032	-27.8207788
	-65.8081691	-27.8208212
	-65.807733	-27.8198891
	-65.8082227	-27.8164215
	-65.8089849	-27.8157062
	-65.8090882	-27.8149983
	-65.8090329	-27.8139436
	-65.8082058	-27.8141172
	-65.8062938	-27.8155515
	-65.805925	-27.8157059
	-65.8059645	-27.8167014
	-65.8054543	-27.8172151
	-65.8043833	-27.817267
	-65.8034898	-27.8167258
	-65.8029456	-27.8164603
	-65.8020307	-27.8162011
	-65.8014343	-27.8156069
	-65.8006743	-27.8127722
	-65.7997782	-27.8111451
	-65.7985202	-27.8093331
	-65.7985167	-27.8077891
	-65.7982689	-27.8067527
	-65.7978473	-27.8057562
	-65.7959779	-27.8063534
	-65.7944536	-27.807101
	-65.7939825	-27.8070826
	-65.7936827	-27.8066101
	-65.7936491	-27.8058743
	-65.7942149	-27.8050081
	-65.7941894	-27.8041519
	-65.7939755	-27.8028164
	-65.7939873	-27.8013605
	-65.794068	-27.7998417
	-65.7944661	-27.7996255
	-65.7960041	-27.7996124
	-65.7969519	-27.7992395
	-65.7974111	-27.7986726
	-65.7975714	-27.7976743
	-65.7984799	-27.7967548
	-65.7984706	-27.7961589
	-65.7984017	-27.7953881
	-65.7988027	-27.7947689
	-65.7982964	-27.793785
	-65.7976462	-27.7928525
	-65.797583	-27.7920878
	-65.7975969	-27.7910923
	-65.7983002	-27.788853
	-65.7983106	-27.7877366
	-65.7984633	-27.7872336
	-65.7973846	-27.7861542
	-65.7949848	-27.7846952
	-65.7939706	-27.7838484
	-65.7932647	-27.7835517
	-65.792675	-27.7834263
	-65.7924001	-27.7830369
	-65.7920282	-27.7821524
	-65.7922955	-27.78153
	-65.7934933	-27.7804944
	-65.7948241	-27.7796186
	-65.7958768	-27.7784319
	-65.7973762	-27.777586
	-65.7980692	-27.7769176
	-65.7981403	-27.7760689
	-65.797681	-27.7753858
	-65.7976894	-27.7747336
	-65.7968951	-27.7734587
	-65.7968309	-27.7722214
	-65.7973105	-27.7709594
	-65.7985921	-27.7699969
	-65.7996974	-27.7700486
	-65.8006692	-27.7702959
	-65.8015834	-27.7701852
	-65.8021307	-27.7698722
	-65.8025544	-27.7691881
	-65.802504	-27.7683944
	-65.7582621	-27.7656618
	-65.7555431	-27.7694176
	-65.7542567	-27.7695162
	-65.7523703	-27.7693017
	-65.7514684	-27.7689222
	-65.7503672	-27.7688645
	-65.7496232	-27.7694864
	-65.7495666	-27.770751
	-65.7503925	-27.7724836
	-65.7498799	-27.7735992
	-65.7493659	-27.7737508
	-65.7489375	-27.7735288
	-65.748383	-27.7734666
	-65.7473911	-27.7739988
	-65.7469014	-27.7749435
	-65.7460571	-27.7753623
	-65.7452047	-27.7766577
	-65.7443162	-27.7768941
	-65.7436724	-27.7774857
	-65.7423635	-27.7773548
	-65.7420928	-27.7783333
	-65.7423306	-27.7789945
	-65.7424278	-27.7795135
	-65.7419151	-27.7805541
	-65.7415827	-27.7809224
	-65.7383305	-27.7815116
	-65.7374766	-27.7821887
	-65.7369683	-27.7835777
	-65.7360895	-27.7839068
	-65.7330201	-27.7870097
	-65.7318898	-27.7884983
	-65.7316985	-27.7924046
	-65.7294341	-27.7921489
	-65.7266626	-27.7927425
	-65.7264026	-27.7933235
	-65.7265272	-27.7940282
	-65.7256106	-27.7951998
	-65.7236648	-27.7955447
	-65.7214176	-27.7963818
	-65.7192564	-27.7965305
	-65.7193614	-27.7973604
	-65.720445	-27.7975666
	-65.7211637	-27.7983262
	-65.7204902	-27.7994336
	-65.7191994	-27.8000416
	-65.7190161	-27.8009065
	-65.7177035	-27.8019155
	-65.7181784	-27.8030176
	-65.7175234	-27.8044081
	-65.7178	-27.8056937
	-65.717662	-27.8067563
	-65.7150437	-27.8087859
	-65.7150265	-27.81113
	-65.7150231	-27.8115901
	-65.713876	-27.8128874
	-65.7144584	-27.815263
	-65.7132053	-27.8164863
	-65.7034868	-27.8164559
	-65.7022544	-27.8180089
	-65.70234	-27.8187785
	-65.7030007	-27.8193501
	-65.7051127	-27.8206916
	-65.7053945	-27.8213608
	-65.7057452	-27.8236222
	-65.7049668	-27.8239945
	-65.7036791	-27.8248324
	-65.7016542	-27.8250657
	-65.700617	-27.8258363
	-65.700542	-27.8264508
	-65.7018325	-27.8269863
	-65.7026192	-27.8269861
	-65.7015987	-27.8296001
	-65.7030817	-27.8298419
	-65.703614	-27.8301588
	-65.7036798	-27.8311512
	-65.7021526	-27.8331834
	-65.7015322	-27.8343689
	-65.6991888	-27.8357451
	-65.6993784	-27.8364279
	-65.7002323	-27.8366607
	-65.7005908	-27.8369712
	-65.7008676	-27.8389752
	-65.6991245	-27.8405099
	-65.6987122	-27.8421707
	-65.6989477	-27.8444857
	-65.700138	-27.8470584
	-65.6977082	-27.8498498
	-65.6976504	-27.8502638
	-65.6964414	-27.8510598
	-65.6963334	-27.8521254
	-65.6962781	-27.8527652
	-65.6975386	-27.8538502
	-65.6974227	-27.8551609
	-65.698852	-27.8572431
	-65.6985389	-27.8588252
	-65.6974965	-27.8593967
	-65.6970988	-27.8602766
	-65.6970797	-27.8605093
	-65.6969526	-27.861584
	-65.6951919	-27.8623512
	-65.6955751	-27.8635328
	-65.6962268	-27.8646203
	-65.6985479	-27.8650594
	-65.6999227	-27.8653744
	-65.6997844	-27.8665043
	-65.6988097	-27.8674101
	-65.6988009	-27.8681401
	-65.6994518	-27.8686315
	-65.6996901	-27.8693501
	-65.6992721	-27.870333
	-65.6988943	-27.8718579
	-65.6988257	-27.8732201
	-65.699063	-27.8743138
	-65.6981995	-27.8755816
	-65.6989672	-27.8767458
	-65.6998101	-27.8785816
	-65.6984719	-27.8804359
	-65.6980386	-27.8807384
	-65.6993906	-27.8824976
	-65.6992664	-27.8838804
	-65.6985986	-27.8842297
	-65.6983902	-27.8848271
	-65.6981549	-27.8858614
	-65.6980652	-27.8871368
	-65.6988597	-27.8879825
	-65.6992057	-27.8898306
	-65.6982832	-27.8912847
	-65.6977713	-27.8923094
	-65.6958883	-27.8941446
	-65.6953419	-27.8957537
	-65.6947237	-27.896584
	-65.6949421	-27.8986704
	-65.6938096	-27.899081
	-65.692856	-27.8992169
	-65.6927887	-27.9001074
	-65.6927974	-27.9016323
	-65.6928448	-27.9033059
	-65.6930494	-27.904829
	-65.6925449	-27.9052672
	-65.6908755	-27.9058204
	-65.6900012	-27.9072035
	-65.6899976	-27.9083158
	-65.6903944	-27.9091995
	-65.6898895	-27.9097307
	-65.6891241	-27.9101006
	-65.6885006	-27.9105608
	-65.6890628	-27.9120248
	-65.6883269	-27.9128091
	-65.6884991	-27.9134493
	-65.6879156	-27.9139402
	-65.6875208	-27.9141451
	-65.6874458	-27.9147177
	-65.687364	-27.9153434
	-65.6866649	-27.9159125
	-65.6845515	-27.9159717
	-65.6841797	-27.9167316
	-65.6827006	-27.9177314
	-65.6821405	-27.9180555
	-65.6793023	-27.9186157
	-65.6790095	-27.9189727
	-65.6792523	-27.9198657
	-65.6791536	-27.9216661
	-65.6783139	-27.9227984
	-65.677839	-27.9237918
	-65.6767621	-27.9242257
	-65.676279	-27.9259315
	-65.6744346	-27.927632
	-65.6724301	-27.929732
	-65.6709589	-27.9303158
	-65.6716419	-27.9314366
	-65.6725065	-27.93222
	-65.6740506	-27.9323924
	-65.6747532	-27.9330551
	-65.6750338	-27.9338219
	-65.6751395	-27.934601
	-65.6744878	-27.9363279
	-65.6735878	-27.9370222
	-65.6733967	-27.9379731
	-65.6729689	-27.9389876
	-65.6724549	-27.9397305
	-65.6710833	-27.9398231
	-65.6692992	-27.9407457
	-65.6678395	-27.9422083
	-65.6675746	-27.9428497
	-65.6685872	-27.9433078
	-65.6702422	-27.943236
	-65.6717826	-27.9435863
	-65.6720952	-27.944176
	-65.6713227	-27.9449896
	-65.6711116	-27.9458841
	-65.671602	-27.9466917
	-65.6712555	-27.9477174
	-65.6714323	-27.9486959
	-65.6689234	-27.9518284
	-65.6688498	-27.9528763
	-65.6693359	-27.9532251
	-65.6685729	-27.9541628
	-65.6689705	-27.955971
	-65.6679107	-27.9568958
	-65.6682558	-27.9578866
	-65.6682507	-27.9580374
	-65.6677864	-27.9595211
	-65.6681757	-27.9608973
	-65.6688111	-27.9621212
	-65.6689997	-27.9626574
	-65.6685027	-27.9629673
	-65.6683054	-27.9635451
	-65.6682714	-27.9641144
	-65.6683312	-27.9651036
	-65.6677313	-27.9657525
	-65.667527	-27.9665412
	-65.6682824	-27.9672548
	-65.6683972	-27.9684831
	-65.6678171	-27.9701824
	-65.6256056	-27.9699588
	-65.6246214	-27.9709415
	-65.6248778	-27.9723283
	-65.6246319	-27.9737016
	-65.62431	-27.9737459
	-65.6239359	-27.9734752
	-65.6225123	-27.9720218
	-65.6207751	-27.9713971
	-65.6182792	-27.9714548
	-65.6170455	-27.9724595
	-65.6168978	-27.9734752
	-65.6186144	-27.9760524
	-65.6131212	-27.9909084
	-65.6088297	-27.9909084
	-65.6057398	-27.9927273
	-65.6057398	-27.9959104
	-65.6035082	-27.9959104
	-65.6011049	-27.9989417
	-65.5999033	-27.9983355
	-65.5987017	-27.9992449
	-65.5959551	-27.9993965
	-65.5945818	-28.0001543
	-65.5937235	-27.9981839
	-65.5909769	-27.9993965
	-65.5889007	-27.9981901
	-65.5879083	-27.9997036
	-65.5878632	-28.0018145
	-65.5845252	-28.0050405
	-65.5840877	-28.0067514
	-65.5822011	-28.007827
	-65.5809118	-28.0084807
	-65.5780375	-28.0102184
	-65.577689	-28.010856
	-65.5773111	-28.0119344
	-65.5769922	-28.0132444
	-65.5758567	-28.0139024
	-65.5741716	-28.013767
	-65.5698232	-28.0132683
	-65.5684658	-28.0126715
	-65.5670233	-28.0118107
	-65.5646325	-28.0095408
	-65.5633062	-28.0085677
	-65.5614299	-28.0071911
	-65.5598511	-28.004682
	-65.5593549	-28.0017747
	-65.5588136	-27.9972741
	-65.5586294	-27.9954878
	-65.5571687	-27.9939581
	-65.5544512	-27.9941681
	-65.5529225	-27.9934782
	-65.5527527	-27.9920684
	-65.5520393	-27.9900288
	-65.5503749	-27.9891289
	-65.5481669	-27.9898488
	-65.5459249	-27.9891889
	-65.5453135	-27.9867592
	-65.5444765	-27.9836386
	-65.5456414	-27.9795648
	-65.545455	-27.976643
	-65.5424728	-27.974997
	-65.5407487	-27.9732274
	-65.5393974	-27.9715813
	-65.5379529	-27.9727336
	-65.5376267	-27.974997
	-65.5335728	-27.9733509
	-65.5278647	-27.972178
	-65.5274453	-27.9707335
	-65.5304648	-27.9675482
	-65.5297519	-27.9649924
	-65.5246355	-27.9648443
	-65.5210709	-27.962807
	-65.5204418	-27.9585102
	-65.5234194	-27.9546206
	-65.5233355	-27.9503975
	-65.5201063	-27.9472857
	-65.517674	-27.9450999
	-65.5137319	-27.9448035
	-65.510811	-27.9401167
	-65.5099527	-27.936932
	-65.5061762	-27.9358704
	-65.5069255	-27.9330011
	-65.5072061	-27.9319272
	-65.5063478	-27.9291972
	-65.5048029	-27.9295006
	-65.5025713	-27.931169
	-65.4993097	-27.9310172
	-65.4991381	-27.9290457
	-65.4999964	-27.9241922
	-65.4972498	-27.9216137
	-65.4954219	-27.9207897
	-65.4950648	-27.9180711
	-65.4927551	-27.9163808
	-65.493027	-27.9141783
	-65.490036	-27.9125565
	-65.4890616	-27.9119758
	-65.488767	-27.9111549
	-65.487906	-27.9106343
	-65.4858214	-27.9109346
	-65.4825532	-27.9086376
	-65.4811689	-27.9090237
	-65.4797429	-27.9092786
	-65.4780926	-27.9089954
	-65.4774678	-27.9082875
	-65.4765545	-27.907622
	-65.4756412	-27.9067583
	-65.4752406	-27.9057955
	-65.4752406	-27.9048751
	-65.474808	-27.9037423
	-65.4742152	-27.9032326
	-65.4731097	-27.9019724
	-65.4723566	-27.9010378
	-65.4721964	-27.899721
	-65.4710011	-27.8984934
	-65.4696869	-27.8966811
	-65.4693386	-27.8940753
	-65.4579788	-27.8848987
	-65.4564727	-27.8839498
	-65.4470927	-27.885756
	-65.4461955	-27.8839432
	-65.4360052	-27.8849063
	-65.387159	-27.8554149
	-65.3805381	-27.8550283
	-65.3795422	-27.8523854
	-65.3753764	-27.8483621
	-65.3711625	-27.8461779
	-65.3685348	-27.8469996
	-65.3662276	-27.8470279
	-65.3643369	-27.8448179
	-65.3634397	-27.8458096
	-65.3394418	-27.8578111
	-65.1710451	-27.9464574
	-65.1694729	-27.952604
	-65.168828	-27.9551075
	-65.1681103	-27.9580589
	-65.1504793	-28.0303351
	-65.1328501	-28.1025561
	-65.1257347	-28.1318222
	-65.1224529	-28.146104
	-65.1158291	-28.1732835
	-65.1130531	-28.1835203
	-65.1124509	-28.186361
	-65.1123634	-28.1876778
	-65.1120411	-28.1926581
	-65.1118783	-28.1955273
	-65.111631	-28.2017637
	-65.1101592	-28.2217685
	-65.1083028	-28.2577392
	-65.1064758	-28.2931314
	-65.1040322	-28.3222231
	-65.1008632	-28.3999036
	-65.1007725	-28.4015769
	-65.1006971	-28.4029697
	-65.1006436	-28.4038058
	-65.1006194	-28.4055352
	-65.1000744	-28.414859
	-65.0995497	-28.4248882
	-65.0976703	-28.4580129
	-65.0970547	-28.4711496
	-65.0989172	-28.4804751
	-65.1037206	-28.5045206
	-65.125405	-28.6103294
	-65.1649075	-28.6031801
	-65.1682937	-28.6179318
	-65.1685256	-28.6191484
	-65.1707018	-28.6246707
	-65.1700111	-28.625418
	-65.1693836	-28.6265108
	-65.1691483	-28.6274561
	-65.1697977	-28.6286335
	-65.1708798	-28.628523
	-65.1718679	-28.6285894
	-65.1727224	-28.6284487
	-65.1739339	-28.628768
	-65.174293	-28.6294027
	-65.1746753	-28.6302026
	-65.1746653	-28.6311738
	-65.1744028	-28.6316917
	-65.1737501	-28.6325199
	-65.1722062	-28.6336945
	-65.171844	-28.6340102
	-65.1707955	-28.634323
	-65.1700426	-28.6341767
	-65.1691582	-28.6340871
	-65.1685045	-28.633623
	-65.1680796	-28.6331885
	-65.1672935	-28.6326393
	-65.166671	-28.6323498
	-65.1657535	-28.6320021
	-65.1648679	-28.6320583
	-65.164341	-28.6326041
	-65.1639109	-28.633091
	-65.1631836	-28.6339524
	-65.1629484	-28.6349602
	-65.1623508	-28.6357945
	-65.162283	-28.6364867
	-65.1623133	-28.6374386
	-65.1622462	-28.6381878
	-65.1621106	-28.6389092
	-65.1618144	-28.6396856
	-65.1610878	-28.6400023
	-65.1599001	-28.6401165
	-65.1588137	-28.6401139
	-65.1575587	-28.6400259
	-65.1568012	-28.6400229
	-65.1559808	-28.640076
	-65.1553825	-28.640598
	-65.1542237	-28.6416661
	-65.1542557	-28.6420117
	-65.1545509	-28.6424157
	-65.155076	-28.6430223
	-65.1553056	-28.6437731
	-65.1552701	-28.6442061
	-65.1546454	-28.6442043
	-65.1535924	-28.6442013
	-65.1532653	-28.6438538
	-65.152773	-28.6434484
	-65.1523133	-28.64313
	-65.151033	-28.6427518
	-65.1502775	-28.6428077
	-65.1498149	-28.6431804
	-65.149185	-28.6436683
	-65.1486235	-28.6438399
	-65.1478662	-28.6438955
	-65.147141	-28.644009
	-65.146153	-28.6440927
	-65.1453624	-28.6442349
	-65.1443757	-28.6442319
	-65.1437687	-28.6442093
	-65.1431816	-28.6446162
	-65.1431503	-28.6449062
	-65.1429239	-28.6453395
	-65.1427876	-28.6457858
	-65.1426215	-28.6461402
	-65.1422003	-28.6464157
	-65.1417499	-28.6464805
	-65.1412714	-28.6464775
	-65.140883	-28.6464359
	-65.1404043	-28.6461585
	-65.1399216	-28.6460669
	-65.1394519	-28.6460677
	-65.1390102	-28.646148
	-65.1386182	-28.6461447
	-65.1380016	-28.6462612
	-65.1375657	-28.6462597
	-65.1372039	-28.6465093
	-65.1369174	-28.6467063
	-65.1367062	-28.6469034
	-65.1364494	-28.6472708
	-65.1363039	-28.6474456
	-65.1361629	-28.647787
	-65.136471	-28.6484324
	-65.1374554	-28.6502187
	-65.1384125	-28.6518117
	-65.1388806	-28.6529952
	-65.1392091	-28.6543141
	-65.1393216	-28.6557962
	-65.1391839	-28.6572334
	-65.138584	-28.6596995
	-65.1356304	-28.6744373
	-65.1324802	-28.6889303
	-65.1286999	-28.7069469
	-65.1267705	-28.7163647
	-65.121394	-28.7173152
	-65.0168463	-28.7387252
	-65.0027025	-28.7588244
	-65.0011303	-28.7664044
	-64.9851467	-28.7785773
	-64.978596	-28.788682
	-64.9358855	-28.8063629
	-64.9244962	-28.817785
	-64.9012979	-28.8385022
	-64.8989397	-28.8525027
	-64.912041	-28.8873809
	-64.9031321	-28.9126145
	-64.9068005	-28.9316502
	-64.86347	-29.0160493
	-64.8672982	-29.0227642
	-64.86655	-29.0315161
	-64.8599446	-29.0349588
	-64.8593106	-29.0412772
	-64.8620999	-29.0443808
	-64.8641118	-29.0604824
	-64.8535208	-29.0705446
	-64.8562458	-29.1041142
	-64.8552534	-29.118619
	-64.8533516	-29.1214988
	-64.8541123	-29.1343462
	-64.8580428	-29.1468597
	-64.8529713	-29.1562716
	-64.855507	-29.1771961
	-64.8544849	-29.1981616
	-64.8461668	-29.2122474
	-64.8413593	-29.224445
	-64.8367967	-29.2286029
	-64.8264722	-29.2347355
	-64.8177094	-29.2448043
	-64.8093473	-29.2503631
	-64.7853048	-29.2623934
	-64.784446	-29.2642666
	-64.7811945	-29.2654976
	-64.7807163	-29.2677942
	-64.7838325	-29.2702071
	-64.7908262	-29.2727223
	-64.7976973	-29.2721871
	-64.8062248	-29.273418
	-64.8246907	-29.2740066
	-64.8305189	-29.2786087
	-64.833818	-29.2866234
	-64.8418684	-29.3117805
	-64.8424591	-29.3342365
	-64.8359501	-29.3469423
	-64.8268687	-29.3565668
	-64.8157994	-29.3672861
	-64.814207	-29.3783492
	-64.8085787	-29.3845532
	-64.7999307	-29.3891622
	-64.7932977	-29.3964775
	-64.7876102	-29.3997135
	-64.7860668	-29.4054419
	-64.7921625	-29.4174277
	-64.7962564	-29.4346485
	-64.8008436	-29.4415467
	-64.8154922	-29.4523821
	-64.8210364	-29.4570141
	-64.8261194	-29.4734206
	-64.8279181	-29.4841864
	-64.8269506	-29.4917676
	-64.8276469	-29.5011924
	-64.8299784	-29.5072179
	-64.8312468	-29.5134419
	-64.8297167	-29.522765
	-64.8303735	-29.5361927
	-64.8297394	-29.5533129
	-64.8243339	-29.5647133
	-64.8249261	-29.5734622
	-64.9498188	-29.5895151
	-64.8978257	-29.8868575
	-64.9874989	-29.963467
	-65.1193047	-30.0757431
	-65.3982804	-30.1251272
	-65.5073502	-29.9038721
	-65.5452758	-29.8277609
	-65.5876221	-29.7191508
	-65.6064156	-29.6753091
	-65.6252092	-29.6314482
	-65.6440028	-29.5875683
	-65.6627964	-29.5436692
	-65.68159	-29.4997511
	-65.7003836	-29.4558139
	-65.7191772	-29.4118577
	-65.7194587	-29.4014997
	-65.718576	-29.3408076
	-65.7212958	-29.3325288
	-65.7205992	-29.3241612
	-65.7426352	-29.2833493
	-65.8176558	-29.2834772
	-65.817244	-29.1899871
	-65.8068619	-29.1897063
	-65.9284706	-29.0813703
	-65.9457371	-29.0794147
	-66.1004621	-28.9441569
	-66.2935537	-28.8975702
	-66.3020807	-28.8874359
	-66.312491	-28.8875331
	-66.3265822	-28.8766575
	-66.3596572	-28.8700064
	-66.365432	-28.8671883
	-66.3693729	-28.8668344
	-66.390263	-28.8678885
	-66.3928773	-28.8677955
	-66.3957653	-28.8655718
	-66.4030907	-28.8565909
	-66.4038106	-28.8523624
	-66.40359	-28.8500024
	-66.3993145	-28.8472855
	-66.3992145	-28.8458077
	-66.4004046	-28.8412159
	-66.3999083	-28.8391039
	-66.400199	-28.8368681
	-66.4037308	-28.8319794
	-66.4036178	-28.8306437
	-66.4016989	-28.8289272
	-66.4024278	-28.8274354
	-66.4040414	-28.8263891
	-66.4045259	-28.8245567
	-66.4038853	-28.8237611
	-66.410047	-28.8232003
	-66.4112816	-28.8144967
	-66.3889895	-28.8014082
	-66.366928	-28.7484061
	-66.3526385	-28.7370089
	-66.35149	-28.7324496
	-66.350427	-28.7282286
	-66.3539186	-28.7262342
	-66.3542704	-28.725837
	-66.3539726	-28.7252905
	-66.3540634	-28.7241326
	-66.3543666	-28.7239074
	-66.3539675	-28.7227089
	-66.3542445	-28.722365
	-66.3549763	-28.7223937
	-66.3551529	-28.7220907
	-66.3542562	-28.721547
	-66.3541615	-28.7212046
	-66.3545085	-28.721129
	-66.3558192	-28.7211307
	-66.3563433	-28.721385
	-66.3568377	-28.7212751
	-66.3573213	-28.7197536
	-66.357346	-28.718866
	-66.358549	-28.7179622
	-66.3612771	-28.7183228
	-66.3610587	-28.7193368
	-66.3612679	-28.720269
	-66.3620586	-28.7205095
	-66.3647127	-28.7194565
	-66.3658322	-28.7194479
	-66.3678995	-28.7211521
	-66.368948	-28.719988
	-66.3691082	-28.7198104
	-66.3720519	-28.71902
	-66.3745514	-28.7158777
	-66.3792324	-28.7130084
	-66.3806591	-28.7084303
	-66.3837952	-28.705876
	-66.3845736	-28.7023515
	-66.3833266	-28.6998423
	-66.3850172	-28.6946512
	-66.3879556	-28.6926204
	-66.3889584	-28.6900357
	-66.3923679	-28.6870947
	-66.3936068	-28.6824933
	-66.3959146	-28.6771965
	-66.3977977	-28.6753017
	-66.5023719	-28.6292889
	-66.5023522	-28.537944
	-66.5315239	-28.5378818
	-66.502056	-28.5006448
	-66.5664824	-28.2995427
	-66.7961516	-28.2784637
	-66.942614	-28.2661372
	-66.9851808	-28.2634898
	-66.9867939	-28.2625345
	-66.9886534	-28.2634239
	-66.9897136	-28.2634316
	-66.9964357	-28.2581088
	-67.0036331	-28.2553577
	-67.0138181	-28.2548792
	-67.018571	-28.2548792
	-67.0204883	-28.2561571
	-67.0206626	-28.2565538
	-67.0206607	-28.2575321
	-67.0206916	-28.2586265
	-67.0195877	-28.2597269
	-67.0193698	-28.2602515
	-67.0194358	-28.2607663
	-67.0204406	-28.2612536
	-67.0228629	-28.2611622
	-67.0242821	-28.2610365
	-67.0265623	-28.2616155
	-67.0285407	-28.2616077
	-67.0294046	-28.2614295
	-67.0294794	-28.2608556
	-67.0301106	-28.2601525
	-67.0301779	-28.2600775
	-67.0315953	-28.2604575
	-67.0327458	-28.2632982
	-67.0344097	-28.2652524
	-67.0356012	-28.2654514
	-67.0367132	-28.2646973
	-67.0378609	-28.2618869
	-67.0384706	-28.2614885
	-67.0408788	-28.2613331
	-67.0424009	-28.2616517
	-67.0433822	-28.2622423
	-67.0462151	-28.266697
	-67.0488749	-28.268887
	-67.0522967	-28.2710079
	-67.0543013	-28.2714045
	-67.0557893	-28.2721323
	-67.0564802	-28.2729141
	-67.0569305	-28.2728629
	-67.0575987	-28.2719163
	-67.0579618	-28.2714301
	-67.0590658	-28.2707137
	-67.0588624	-28.2702531
	-67.0579473	-28.2701252
	-67.0577439	-28.2694471
	-67.0583831	-28.2690761
	-67.0592789	-28.2690807
	-67.0603005	-28.2695111
	-67.06139	-28.2705602
	-67.06139	-28.2708288
	-67.0619274	-28.2717244
	-67.062552	-28.2719674
	-67.0630194	-28.2714753
	-67.0648907	-28.2699845
	-67.0662707	-28.2695623
	-67.0676942	-28.269396
	-67.0685042	-28.2696225
	-67.0708319	-28.2696262
	-67.0718923	-28.2692041
	-67.075075	-28.2704035
	-67.1558016	-28.3835458
	-67.3186738	-28.3896221
	-67.4459402	-28.3626494
	-67.4943011	-28.3523981
	-67.6852569	-28.3126198
	-67.6958561	-28.311741
	-67.6982448	-28.3126264
	-67.7072103	-28.3143518
	-67.707624	-28.3158585
	-67.7088593	-28.3173242
	-67.7088163	-28.3179861
	-67.7108357	-28.3182225
	-67.7133384	-28.318752
	-67.7149066	-28.3193099
	-67.7152396	-28.3198016
	-67.7154544	-28.320246
	-67.7160129	-28.3205486
	-67.7172804	-28.3205108
	-67.7179249	-28.3205202
	-67.7182578	-28.320889
	-67.7182901	-28.321201
	-67.7192675	-28.3214374
	-67.7203094	-28.3214563
	-67.7211687	-28.3216549
	-67.7218239	-28.3213429
	-67.7223932	-28.321305
	-67.7226188	-28.3214847
	-67.7229088	-28.3218345
	-67.7233384	-28.3215131
	-67.723854	-28.32174
	-67.7251645	-28.3216076
	-67.7267971	-28.321428
	-67.7282364	-28.3208133
	-67.7289239	-28.3208984
	-67.7297939	-28.3213239
	-67.7304277	-28.3216738
	-67.7310184	-28.3211632
	-67.7317596	-28.3208984
	-67.7321462	-28.3207944
	-67.7331452	-28.3208701
	-67.734273	-28.3208228
	-67.7345523	-28.3211727
	-67.7354331	-28.3212294
	-67.7359916	-28.3214658
	-67.7363676	-28.3213239
	-67.7368187	-28.3207282
	-67.7372483	-28.3200664
	-67.7376243	-28.3199245
	-67.7383225	-28.3200285
	-67.738881	-28.3198583
	-67.7394395	-28.3199245
	-67.7399551	-28.3203595
	-67.7408252	-28.3218913
	-67.741953	-28.3235365
	-67.7422537	-28.3236311
	-67.7430593	-28.3241417
	-67.7433493	-28.3241795
	-67.7437038	-28.3240187
	-67.7440153	-28.3239242
	-67.7443268	-28.3237067
	-67.7445631	-28.3236216
	-67.7449498	-28.3238674
	-67.745272	-28.3238296
	-67.7456372	-28.3236689
	-67.7459487	-28.3238958
	-67.7462495	-28.3245766
	-67.7469691	-28.3249453
	-67.7481292	-28.3257301
	-67.74901	-28.3259192
	-67.7492248	-28.3263542
	-67.7490959	-28.3268269
	-67.7494826	-28.3271484
	-67.7502989	-28.3273942
	-67.7509649	-28.3273658
	-67.7513193	-28.3275928
	-67.7522216	-28.3279993
	-67.7522431	-28.328491
	-67.7523827	-28.3286895
	-67.7527587	-28.3285666
	-67.7531776	-28.3282924
	-67.7536394	-28.3283586
	-67.7539939	-28.3287935
	-67.7544558	-28.3289637
	-67.7549069	-28.3292285
	-67.7555729	-28.3290015
	-67.756024	-28.3290299
	-67.756937	-28.3292757
	-67.7576674	-28.3291528
	-67.7586986	-28.3295121
	-67.7598479	-28.3295783
	-67.7601701	-28.3297957
	-67.7606857	-28.329947
	-67.760879	-28.3305427
	-67.7607931	-28.3308358
	-67.760632	-28.331318
	-67.7611798	-28.3316867
	-67.7620283	-28.3315638
	-67.7623828	-28.3318852
	-67.7625869	-28.3321689
	-67.7625332	-28.332547
	-67.7624258	-28.3330576
	-67.7626406	-28.3335019
	-67.7628769	-28.3337667
	-67.7627265	-28.334107
	-67.7625439	-28.3345987
	-67.7620928	-28.3352605
	-67.7622324	-28.3355252
	-67.7618243	-28.3360357
	-67.7615665	-28.3362437
	-67.7610079	-28.3366786
	-67.7611476	-28.337
	-67.7611368	-28.3373593
	-67.760675	-28.3374916
	-67.759096	-28.3377658
	-67.7578602	-28.3385789
	-67.7576024	-28.339009
	-67.757683	-28.3394061
	-67.7577904	-28.3395337
	-67.7582093	-28.3394628
	-67.7584993	-28.3396046
	-67.7585423	-28.33977
	-67.7583382	-28.3400915
	-67.7583881	-28.3406164
	-67.7583084	-28.3410275
	-67.7584679	-28.3412782
	-67.7587223	-28.3411779
	-67.7592084	-28.3411813
	-67.7595996	-28.3414353
	-67.7597401	-28.3415356
	-67.7598426	-28.3419099
	-67.7598578	-28.3424781
	-67.7597249	-28.3426519
	-67.7597894	-28.3429026
	-67.7598236	-28.3432335
	-67.7598274	-28.3439755
	-67.7596869	-28.344176
	-67.7594325	-28.3443131
	-67.7594211	-28.3445504
	-67.7595274	-28.3447777
	-67.7597591	-28.344908
	-67.7596793	-28.3451654
	-67.7594021	-28.3452322
	-67.7591362	-28.3451888
	-67.7589995	-28.3452589
	-67.7590223	-28.3455196
	-67.7590717	-28.3457335
	-67.7593302	-28.3459184
	-67.7596631	-28.3460176
	-67.7597706	-28.3461783
	-67.7595557	-28.3463059
	-67.7595718	-28.3466084
	-67.7596094	-28.346892
	-67.7594698	-28.3473742
	-67.7590831	-28.3479744
	-67.7588361	-28.3481257
	-67.7585729	-28.3482438
	-67.7580305	-28.3488016
	-67.7577136	-28.3489528
	-67.7575418	-28.3490663
	-67.7574988	-28.3493451
	-67.7576223	-28.3495153
	-67.7576545	-28.3496996
	-67.7576868	-28.3499029
	-67.7577244	-28.3501675
	-67.756908	-28.3506496
	-67.756371	-28.3510088
	-67.7556835	-28.3518312
	-67.7555546	-28.3522377
	-67.755728	-28.352621
	-67.8022868	-28.3477005
	-67.8061084	-28.348498
	-67.8080532	-28.3547489
	-67.8083069	-28.3591393
	-67.8121121	-28.365092
	-67.8155513	-28.3759369
	-67.8227562	-28.3713165
	-67.8340975	-28.3762525
	-67.8463587	-28.3755085
	-67.8467815	-28.3714164
	-67.8515168	-28.3706724
	-67.8479502	-28.3694709
	-67.847793	-28.3324943
	-67.8407757	-28.3137864
	-67.8605631	-28.2942692
	-67.8644328	-28.2918368
	-67.8663828	-28.2893357
	-67.8720635	-28.285304
	-67.873487	-28.2823843
	-67.8720634	-28.2733265
	-67.8963577	-28.2419965
	-67.9035745	-28.2342807
	-67.9026486	-28.2058792
	-67.9162644	-28.1980758
	-67.9153525	-28.1820711
	-67.928972	-28.1734353
	-67.9265065	-28.1360821
	-67.9347455	-28.1298417
	-67.9269538	-28.1118716
	-67.9487964	-28.1046427
	-67.9922599	-28.1174187
	-67.9987941	-28.1220715
	-68.0012223	-28.1277919
	-68.0041911	-28.1284687
	-68.0100686	-28.1259327
	-68.0154488	-28.1265007
	-68.0250184	-28.1281023
	-68.0257811	-28.1304907
	-68.0248089	-28.1321814
	-68.0234063	-28.1386605
	-68.0281872	-28.1428079
	-68.0331427	-28.1438002
	-68.0363366	-28.1458489
	-68.0405027	-28.145919
	-68.0451485	-28.1441749
	-68.0489018	-28.1438147
	-68.0517575	-28.141555
	-68.0551414	-28.1406487
	-68.0570987	-28.1413623
	-68.0575289	-28.1446988
	-68.0608617	-28.1462713
	-68.0627101	-28.1458403
	-68.0651499	-28.1477057
	-68.065331	-28.1518326
	-68.0738081	-28.1587123
	-68.074767	-28.1626368
	-68.0790897	-28.1663115
	-68.0891943	-28.167125
	-68.0918717	-28.1721852
	-68.100334	-28.1712764
	-68.1089938	-28.1725044
	-68.1121102	-28.1704885
	-68.1142138	-28.1617338
	-68.1166045	-28.1607566
	-68.120593	-28.1616424
	-68.1214717	-28.1601205
	-68.1228713	-28.1557429
	-68.1263143	-28.1535728
	-68.1276581	-28.1507291
	-68.1260692	-28.1449671
	-68.1274519	-28.1426674
	-68.1269957	-28.1372518
	-68.1310093	-28.1321814
	-68.1301269	-28.1256266
	-68.1342373	-28.1234434
	-68.1348332	-28.1213233
	-68.13966	-28.1201344
	-68.1421584	-28.1156691
	-68.1424088	-28.1104715
	-68.1435681	-28.1052495
	-68.1547886	-28.1097579
	-68.1599952	-28.1087209
	-68.1619557	-28.111119
	-68.1674182	-28.1124862
	-68.1676241	-28.1078804
	-68.1694418	-28.1040458
	-68.1726236	-28.1015477
	-68.1742118	-28.0939826
	-68.1789754	-28.093583
	-68.1845151	-28.0894225
	-68.2026451	-28.092606
	-68.21444	-28.0884118
	-68.2234621	-28.0894521
	-68.2460065	-28.0808658
	-68.2493253	-28.074547
	-68.2531169	-28.0736936
	-68.2580012	-28.0764938
	-68.2596717	-28.0911365
	-68.2715116	-28.0960727
	-68.3004533	-28.069977
	-68.2806877	-28.0349827
	-68.2927698	-28.0277613
	-68.3453212	-28.0420832
	-68.3642753	-28.0218755
	-68.400742	-28.0082663
	-68.4139118	-28.0112028
	-68.4425971	-28.0295352
	-68.4658077	-28.008603
	-68.454573	-27.9749763
	-68.4528973	-27.9552597
	-68.4491432	-27.9429921
	-68.4532406	-27.9394889
	-68.4523411	-27.9217322
	-68.4433258	-27.8876533
	-68.4434398	-27.8747139
	-68.4592694	-27.8623021
	-68.4602396	-27.8770476
	-68.4739559	-27.8798042
	-68.4851039	-27.87393
	-68.5000704	-27.8814992
	-68.5316032	-27.8584208
	-68.5237486	-27.8266796
	-68.5296517	-27.8070221
	-68.5410602	-27.7961547
	-68.5681593	-27.8166424
	-68.5881079	-27.8225109
	-68.6030523	-27.8137438
	-68.616379	-27.8002464
	-68.6290116	-27.798509
	-68.6394123	-27.8042194
	-68.6676635	-27.807341
	-68.6786474	-27.813656
	-68.7010761	-27.8162386
	-68.7204129	-27.82019
	-68.7310317	-27.8055686
	-68.7552396	-27.7981739
	-68.7583666	-27.7814573
	-68.7856303	-27.773217
	-68.8062061	-27.757632
	-69.0960039	-27.7924048