	-63.4222978	-25.6490492
	-63.1175023	-25.2970484
	-62.7169948	-24.8319531
	-62.6358599	-24.7361459
	-62.3699802	-24.4240781
	-62.3425498	-24.3920287
	-62.3425413	-24.3578469
	-62.3424597	-24.1089858
	-62.3398033	-24.1048062
	-62.338224	-24.1016565
	-62.3369366	-24.0976138
	-62.3360697	-24.0924112
	-62.3352432	-24.0864727
	-62.3329454	-24.0811081
	-62.3313271	-24.0798008
	-62.3293491	-24.0792509
	-62.3278771	-24.0798465
	-62.3268386	-24.0811708
	-62.3245661	-24.084611
	-62.321736	-24.0872711
	-62.3170169	-24.0901817
	-62.3140369	-24.0921487
	-62.3118067	-24.0943058
	-62.3101336	-24.0976342
	-62.3100072	-24.1009045
	-62.3102432	-24.1043713
	-62.3111659	-24.107133
	-62.3129383	-24.1094207
	-62.3152643	-24.1109954
	-62.318513	-24.1129617
	-62.3212853	-24.1149359
	-62.3237144	-24.116679
	-62.3255297	-24.1187393
	-62.3265044	-24.1211376
	-62.3269201	-24.1232985
	-62.3257142	-24.1253978
	-62.3228904	-24.1257659
	-62.3202597	-24.12539
	-62.3166937	-24.1236666
	-62.3135906	-24.1215986
	-62.3102561	-24.1196558
	-62.3060075	-24.1182967
	-62.3026687	-24.1179794
	-62.2995401	-24.1186805
	-62.2935406	-24.1209131
	-62.2871083	-24.1235203
	-62.2802708	-24.1273212
	-62.2769624	-24.129569
	-62.2736751	-24.1336852
	-62.2709382	-24.1356876
	-62.2672249	-24.1373157
	-62.2633496	-24.1380676
	-62.2588264	-24.1399396
	-62.2524534	-24.1410871
	-62.2445785	-24.1410401
	-62.221843	-24.1435201
	-62.2143013	-24.1460652
	-62.21326	-24.1513521
	-62.1914692	-24.1608015
	-62.1694863	-24.1682677
	-62.1629632	-24.1728094
	-62.1622668	-24.1760603
	-62.1667397	-24.1806396
	-62.1821892	-24.1923841
	-62.178756	-24.1959855
	-62.1665681	-24.199117
	-62.1476853	-24.1959855
	-62.1403039	-24.1917577
	-62.1363557	-24.1958289
	-62.1354973	-24.2030314
	-62.1387589	-24.2099204
	-62.1401598	-24.2137335
	-62.1403748	-24.2204295
	-62.1342957	-24.2179049
	-62.1166249	-24.2109113
	-62.0862305	-24.2025617
	-62.0791197	-24.2004594
	-62.0746452	-24.2015418
	-62.0734025	-24.2037401
	-62.0752442	-24.2064759
	-62.0855439	-24.2293328
	-62.0822823	-24.2308982
	-62.0762144	-24.2275683
	-62.069125	-24.2200568
	-62.0597947	-24.2135213
	-62.0557796	-24.2116808
	-62.0512116	-24.2163393
	-62.0468731	-24.2334028
	-62.0452398	-24.2372155
	-62.0415674	-24.2403497
	-62.0270074	-24.2355942
	-62.0156205	-24.2282296
	-62.0077007	-24.2293613
	-62.0040068	-24.2321357
	-62.000432	-24.2412293
	-61.9935537	-24.2485552
	-61.9888014	-24.2510261
	-61.9843053	-24.2513022
	-61.9804668	-24.2469778
	-61.9886526	-24.2298258
	-61.987487	-24.2261481
	-61.9834054	-24.2271412
	-61.9804871	-24.2287066
	-61.9701874	-24.2332462
	-61.9619477	-24.2313678
	-61.9557582	-24.2336091
	-61.9523347	-24.2378083
	-61.9500473	-24.2435972
	-61.9499466	-24.2466987
	-61.9530243	-24.2563291
	-61.9549857	-24.2599019
	-61.9543524	-24.2636779
	-61.9507486	-24.2645847
	-61.9438119	-24.2622933
	-61.9374549	-24.261364
	-61.9287039	-24.2621615
	-61.9203122	-24.2670193
	-61.9156827	-24.2673995
	-61.9087186	-24.2662437
	-61.9046211	-24.2663223
	-61.9038236	-24.2697989
	-61.9057956	-24.2794242
	-61.9093429	-24.2821061
	-61.9139085	-24.2803676
	-61.9196093	-24.2805382
	-61.9208714	-24.2861072
	-61.9158559	-24.3013259
	-61.9116614	-24.3052687
	-61.9097054	-24.3068062
	-61.9072378	-24.3067117
	-61.9040978	-24.3046061
	-61.8899294	-24.2743674
	-61.8873477	-24.2718212
	-61.8840309	-24.2700428
	-61.8822122	-24.2714625
	-61.8827789	-24.2807329
	-61.8843617	-24.2910568
	-61.8833705	-24.2959218
	-61.8775007	-24.3040319
	-61.873916	-24.3114933
	-61.8696863	-24.3131642
	-61.8625558	-24.310551
	-61.8486512	-24.3046585
	-61.8395583	-24.3012928
	-61.8351368	-24.3108478
	-61.8350735	-24.3141269
	-61.8301673	-24.3177093
	-61.822045	-24.3208037
	-61.8147761	-24.3203471
	-61.8072808	-24.3196242
	-61.802131	-24.3288531
	-61.8008816	-24.3324933
	-61.7969811	-24.3347968
	-61.7949836	-24.336614
	-61.7856515	-24.3329199
	-61.7830765	-24.3276018
	-61.777022	-24.3168585
	-61.7762303	-24.3091231
	-61.7730629	-24.3057456
	-61.7691771	-24.3064757
	-61.7662537	-24.3127411
	-61.761037	-24.3190661
	-61.753541	-24.3254653
	-61.7494248	-24.3267301
	-61.7471825	-24.3305533
	-61.7485999	-24.3402438
	-61.7465008	-24.3430766
	-61.7403304	-24.3395595
	-61.7296772	-24.3375123
	-61.7229796	-24.3360197
	-61.7176191	-24.3369415
	-61.7143728	-24.3403543
	-61.7134718	-24.3422447
	-61.7137377	-24.3441443
	-61.7158275	-24.3452076
	-61.7224555	-24.3451419
	-61.7261726	-24.3481822
	-61.7323886	-24.3526051
	-61.7350249	-24.3561222
	-61.7342236	-24.3599478
	-61.7273277	-24.3573354
	-61.7190604	-24.3585408
	-61.7130652	-24.3639055
	-61.7067146	-24.3653919
	-61.6987474	-24.3646347
	-61.693081	-24.3662004
	-61.695007	-24.3713086
	-61.6993051	-24.3715263
	-61.7031486	-24.3742222
	-61.7074292	-24.3746656
	-61.7106578	-24.3759705
	-61.7123922	-24.3782752
	-61.7078376	-24.3901538
	-61.7006156	-24.3981269
	-61.7005903	-24.4015743
	-61.7005599	-24.405725
	-61.6998978	-24.4094466
	-61.6973799	-24.4135444
	-61.6963533	-24.4147349
	-61.6938181	-24.4151905
	-61.6884303	-24.4139974
	-61.6862595	-24.4159475
	-61.6835144	-24.4187354
	-61.6817963	-24.4204804
	-61.6763032	-24.4229812
	-61.6712842	-24.42325
	-61.6587937	-24.423919
	-61.6581071	-24.4284516
	-61.6557178	-24.4331645
	-61.6529572	-24.4332966
	-61.638881	-24.4347032
	-61.6318429	-24.4331404
	-61.6274544	-24.4294108
	-61.624563	-24.4250879
	-61.6204592	-24.421644
	-61.6134152	-24.421562
	-61.6083253	-24.4236064
	-61.6066189	-24.4317852
	-61.6071339	-24.4438189
	-61.6054174	-24.4525701
	-61.6042473	-24.4557992
	-61.5997309	-24.4553881
	-61.5997422	-24.4517373
	-61.5977127	-24.4435901
	-61.5955613	-24.4418067
	-61.5940784	-24.4401379
	-61.5919339	-24.4381412
	-61.5901292	-24.4382978
	-61.583091	-24.4401731
	-61.5805161	-24.4454865
	-61.5821858	-24.4532715
	-61.5860093	-24.4615816
	-61.5969017	-24.4802736
	-61.5956533	-24.4830857
	-61.5925512	-24.4858895
	-61.5772545	-24.4947028
	-61.5559685	-24.4973584
	-61.5496812	-24.4994551
	-61.5462611	-24.5027728
	-61.5395255	-24.5111335
	-61.5281594	-24.5112602
	-61.5194047	-24.5173515
	-61.519233	-24.5271907
	-61.5250695	-24.5353114
	-61.5133965	-24.5521756
	-61.4927972	-24.5659152
	-61.4809525	-24.5773117
	-61.4776958	-24.5806242
	-61.4781401	-24.5865722
	-61.4733994	-24.597136
	-61.4610398	-24.6091539
	-61.4571695	-24.6117414
	-61.4529717	-24.6122752
	-61.4454644	-24.6066846
	-61.441607	-24.6075647
	-61.4415874	-24.6083757
	-61.4418137	-24.6138359
	-61.4402888	-24.6150866
	-61.4376938	-24.6155526
	-61.4335604	-24.617666
	-61.4222443	-24.6183616
	-61.3987267	-24.6135238
	-61.3903325	-24.6130989
	-61.3813889	-24.6136798
	-61.3789857	-24.6178935
	-61.3807023	-24.625072
	-61.3786423	-24.6370872
	-61.3761144	-24.6416941
	-61.3716926	-24.6445002
	-61.3698951	-24.6414779
	-61.3701153	-24.6365343
	-61.3709084	-24.6274392
	-61.3683427	-24.6235114
	-61.3641953	-24.6217316
	-61.3599312	-24.6216388
	-61.3574156	-24.6238849
	-61.3549531	-24.6310017
	-61.3451684	-24.6391156
	-61.3392779	-24.6400828
	-61.3322938	-24.6392716
	-61.2984765	-24.6274127
	-61.2944753	-24.6264582
	-61.2905177	-24.6260676
	-61.2831915	-24.6284116
	-61.2711753	-24.6363696
	-61.2689775	-24.637599
	-61.2661971	-24.633717
	-61.2632788	-24.6215454
	-61.2589583	-24.6199662
	-61.2560317	-24.6212548
	-61.2538375	-24.6245104
	-61.2502326	-24.6327808
	-61.2493743	-24.6435471
	-61.2455977	-24.650256
	-61.2428355	-24.6510644
	-61.2402888	-24.6503636
	-61.2381807	-24.6479192
	-61.2350748	-24.6437437
	-61.2337531	-24.6401144
	-61.2303508	-24.6389047
	-61.2280882	-24.6419868
	-61.2188185	-24.6532203
	-61.2112654	-24.6544684
	-61.2016689	-24.6574015
	-61.1961845	-24.6615526
	-61.1958689	-24.6635518
	-61.1965026	-24.6647648
	-61.1979108	-24.6669937
	-61.2073832	-24.6736829
	-61.2085131	-24.6778835
	-61.2028044	-24.6820554
	-61.2012405	-24.6856088
	-61.2050856	-24.691438
	-61.2052573	-24.6984563
	-61.202674	-24.7007751
	-61.1944426	-24.705942
	-61.1894644	-24.7114001
	-61.1853446	-24.718885
	-61.1792428	-24.7221737
	-61.1774556	-24.7214273
	-61.1721266	-24.7099966
	-61.1633893	-24.7045273
	-61.1583802	-24.7069773
	-61.1571921	-24.7109323
	-61.1578787	-24.7149867
	-61.1633892	-24.724799
	-61.1685331	-24.7330156
	-61.1673201	-24.7352568
	-61.1604537	-24.7368159
	-61.1559596	-24.7389166
	-61.1530722	-24.7416491
	-61.1525572	-24.7428963
	-61.1484285	-24.749569
	-61.1459819	-24.7554026
	-61.145682	-24.7592341
	-61.1456706	-24.7602608
	-61.146298	-24.7605249
	-61.1480852	-24.7609488
	-61.1568824	-24.7598647
	-61.1587492	-24.7604882
	-61.1607233	-24.7632941
	-61.159114	-24.7660024
	-61.1575266	-24.7674955
	-61.1582132	-24.7774709
	-61.15581	-24.7838609
	-61.1508318	-24.7876013
	-61.1453386	-24.7874454
	-61.1386438	-24.7852636
	-61.1353823	-24.7863545
	-61.1353823	-24.7890039
	-61.1374422	-24.791809
	-61.1424204	-24.7943025
	-61.1444803	-24.7980425
	-61.1444803	-24.8011591
	-61.1376139	-24.8125341
	-61.1295458	-24.8195456
	-61.1194178	-24.8260892
	-61.1058565	-24.8340347
	-61.10208	-24.8332557
	-61.0996767	-24.8260892
	-61.0977884	-24.826245
	-61.0938402	-24.8302957
	-61.091437	-24.8369946
	-61.0928103	-24.8474317
	-61.0916328	-24.8506424
	-61.0897203	-24.8510143
	-61.0747858	-24.8556872
	-61.0715388	-24.8578639
	-61.0702455	-24.8594838
	-61.0696346	-24.8608681
	-61.0758158	-24.8679917
	-61.0758158	-24.871418
	-61.0752467	-24.8724394
	-61.0720392	-24.8734426
	-61.0586496	-24.8810735
	-61.0497232	-24.8838766
	-61.0474916	-24.8879254
	-61.0459467	-24.8953997
	-61.044979	-24.8983723
	-61.0425371	-24.900089
	-61.0397669	-24.8980468
	-61.0332438	-24.8927526
	-61.0279266	-24.8890009
	-61.0247291	-24.8901846
	-61.0240228	-24.8914021
	-61.0243174	-24.8929083
	-61.0279223	-24.8980468
	-61.0284372	-24.9034964
	-61.025004	-24.9059876
	-61.0165926	-24.9094128
	-61.0155626	-24.9119039
	-61.0197314	-24.9164555
	-61.020721	-24.9206226
	-61.0174509	-24.9229574
	-61.0128161	-24.9246698
	-61.004233	-24.9235801
	-60.9987398	-24.9171972
	-60.9951349	-24.9164188
	-60.992555	-24.9163773
	-60.9918734	-24.9179756
	-60.9963366	-24.9217119
	-60.9980532	-24.9273162
	-60.9934183	-24.9358777
	-60.9855219	-24.9403918
	-60.9769388	-24.9450613
	-60.970244	-24.9435048
	-60.9657628	-24.9457022
	-60.9608027	-24.9500419
	-60.9594294	-24.9558005
	-60.9568544	-24.9553336
	-60.9559961	-24.9582906
	-60.9547945	-24.9660719
	-60.9538312	-24.9692067
	-60.952329	-24.9701838
	-60.95108	-24.9721831
	-60.9491228	-24.970601
	-60.9453531	-24.9586019
	-60.9431215	-24.9578237
	-60.9371134	-24.9598469
	-60.9345385	-24.9654494
	-60.9348818	-24.9708961
	-60.9396883	-24.9802326
	-60.9407393	-24.9823422
	-60.9397524	-24.9842864
	-60.9377646	-24.984539
	-60.9359118	-24.9835002
	-60.9232088	-24.9799214
	-60.9194323	-24.980077
	-60.918059	-24.9820998
	-60.9176833	-24.9834958
	-60.9197756	-24.9852118
	-60.9247538	-24.9892572
	-60.9381434	-24.9936137
	-60.9395166	-24.9964143
	-60.939261	-24.998965
	-60.9381568	-25.000402
	-60.9328218	-25.0026374
	-60.9214922	-25.0065267
	-60.8983179	-25.0096381
	-60.8914515	-25.0119715
	-60.889992	-25.0131258
	-60.895228	-25.0197494
	-60.895228	-25.024727
	-60.8943058	-25.0266118
	-60.8923098	-25.0251937
	-60.8849326	-25.0171841
	-60.8822593	-25.0171403
	-60.8711954	-25.0208383
	-60.8699938	-25.0233271
	-60.8763453	-25.0289267
	-60.8777185	-25.0346816
	-60.8756586	-25.0374812
	-60.8670755	-25.0311043
	-60.8644389	-25.0312793
	-60.8615824	-25.0328152
	-60.8277651	-25.0329707
	-60.8215853	-25.0349927
	-60.820212	-25.0373257
	-60.820727	-25.039192
	-60.8214605	-25.0398955
	-60.8275934	-25.0377923
	-60.8331	-25.0388659
	-60.8386966	-25.0417641
	-60.8318574	-25.0451584
	-60.8267351	-25.0555214
	-60.8143755	-25.0704492
	-60.8099668	-25.0742705
	-60.8060848	-25.0742143
	-60.8051045	-25.0721481
	-60.8063074	-25.065629
	-60.8021875	-25.0651625
	-60.7942911	-25.0678059
	-60.7762667	-25.0723151
	-60.7642504	-25.0727815
	-60.7529207	-25.0687388
	-60.7493158	-25.0702937
	-60.7474778	-25.0724672
	-60.7518908	-25.0782234
	-60.7635637	-25.0852198
	-60.7646688	-25.0882496
	-60.7635637	-25.0919048
	-60.7580706	-25.096724
	-60.7481142	-25.1009212
	-60.7429375	-25.0990674
	-60.7409183	-25.0964048
	-60.7403894	-25.092993
	-60.7369562	-25.0936149
	-60.7353539	-25.094583
	-60.73329	-25.0995688
	-60.7324329	-25.1064052
	-60.7341459	-25.1159412
	-60.7333513	-25.1191075
	-60.7288881	-25.119263
	-60.72288	-25.1166207
	-60.7206496	-25.1167217
	-60.7196483	-25.1180797
	-60.7206484	-25.123304
	-60.7191034	-25.1261015
	-60.7163569	-25.1253244
	-60.7094904	-25.1209726
	-60.7067445	-25.1201683
	-60.7043406	-25.1198847
	-60.6989689	-25.1210157
	-60.6923243	-25.125169
	-60.6894362	-25.1258801
	-60.6858011	-25.1247028
	-60.6679483	-25.1155327
	-60.6600593	-25.111951
	-60.6535937	-25.1111705
	-60.6509193	-25.1138049
	-60.6516405	-25.1161544
	-60.6547304	-25.1239257
	-60.667605	-25.1400884
	-60.6703516	-25.146615
	-60.668635	-25.150189
	-60.6650301	-25.1517428
	-60.6584373	-25.151979
	-60.6540713	-25.1511732
	-60.6490682	-25.1472048
	-60.646319	-25.146615
	-60.6448478	-25.1459161
	-60.6423149	-25.1465271
	-60.6409543	-25.1488162
	-60.645289	-25.1531413
	-60.6607386	-25.1581135
	-60.6634851	-25.1609102
	-60.6607386	-25.1633962
	-60.6500956	-25.1623086
	-60.6384226	-25.1637069
	-60.6335415	-25.1658084
	-60.6198832	-25.1775341
	-60.6187965	-25.1783257
	-60.6163255	-25.1789333
	-60.6139219	-25.178434
	-60.6099382	-25.1762051
	-60.6089424	-25.1738077
	-60.6102701	-25.172252
	-60.6171466	-25.166858
	-60.6172931	-25.1638358
	-60.615786	-25.1613776
	-60.6107851	-25.1596672
	-60.6018587	-25.1613763
	-60.5957542	-25.1681756
	-60.5919024	-25.1775341
	-60.5900074	-25.1790826
	-60.5874392	-25.1792429
	-60.578024	-25.1744465
	-60.5740758	-25.1742911
	-60.571767	-25.1759025
	-60.5721058	-25.179176
	-60.5738363	-25.1808178
	-60.5761095	-25.183748
	-60.5769914	-25.1856985
	-60.5753209	-25.1896346
	-60.5740496	-25.1916703
	-60.5714646	-25.1940901
	-60.5686429	-25.1939048
	-60.5666681	-25.1882529
	-60.5609954	-25.1863728
	-60.5565601	-25.1875525
	-60.5498453	-25.190117
	-60.5458985	-25.1910544
	-60.5442857	-25.1889423
	-60.5444205	-25.185816
	-60.546254	-25.1815683
	-60.5519053	-25.1736502
	-60.5510469	-25.1708537
	-60.5463898	-25.168023
	-60.5404039	-25.1679018
	-60.5338212	-25.1696904
	-60.5289336	-25.1721679
	-60.5237528	-25.1762912
	-60.5134531	-25.1859228
	-60.5113946	-25.1891037
	-60.5106477	-25.1920831
	-60.5105349	-25.1971069
	-60.5085742	-25.2004427
	-60.5067583	-25.201922
	-60.4989249	-25.2061033
	-60.4965636	-25.2075507
	-60.4943153	-25.2089796
	-60.4937708	-25.2116666
	-60.4917947	-25.2164887
	-60.4832407	-25.2304977
	-60.4819487	-25.2336063
	-60.4815094	-25.2371737
	-60.4787788	-25.2395167
	-60.4744036	-25.2380282
	-60.4705865	-25.2380801
	-60.4684778	-25.2388828
	-60.4674205	-25.2400607
	-60.4672011	-25.2410233
	-60.4691645	-25.246491
	-60.4671045	-25.2499068
	-60.4574915	-25.2506831
	-60.4523417	-25.2537883
	-60.4441019	-25.2609298
	-60.4418703	-25.2651214
	-60.442583	-25.274577
	-60.4413553	-25.2783161
	-60.4331156	-25.2837488
	-60.4302993	-25.2859651
	-60.4283063	-25.2884283
	-60.4275728	-25.2901265
	-60.4284336	-25.2926344
	-60.4298136	-25.2939314
	-60.4301973	-25.2986487
	-60.4303228	-25.3011939
	-60.4281374	-25.3064083
	-60.4246714	-25.3093649
	-60.4201446	-25.3103414
	-60.4159636	-25.3105704
	-60.4115541	-25.3127467
	-60.4075508	-25.314184
	-60.4039446	-25.3145338
	-60.4007299	-25.3130528
	-60.3992341	-25.3160115
	-60.3958651	-25.3320116
	-60.3939575	-25.335043
	-60.3927752	-25.3353389
	-60.3896853	-25.3341838
	-60.3855654	-25.3267363
	-60.3831702	-25.3240523
	-60.3811322	-25.3226261
	-60.3795586	-25.3226903
	-60.3778422	-25.3262786
	-60.3744591	-25.3283904
	-60.3694741	-25.3299358
	-60.3641053	-25.3311649
	-60.3464561	-25.3388673
	-60.3423496	-25.3418684
	-60.3413894	-25.3443191
	-60.3431098	-25.3463682
	-60.3466243	-25.3473606
	-60.357656	-25.3494983
	-60.3600254	-25.3513778
	-60.3613611	-25.3548173
	-60.3594729	-25.3560583
	-60.3509246	-25.3543009
	-60.3421134	-25.3553813
	-60.3387124	-25.3566518
	-60.3372802	-25.3578616
	-60.3370884	-25.3580934
	-60.3363816	-25.3596237
	-60.3383592	-25.3625427
	-60.3410144	-25.3652261
	-60.3457896	-25.3709341
	-60.3461584	-25.3732668
	-60.3440233	-25.3762227
	-60.3359552	-25.3813409
	-60.3261578	-25.3827942
	-60.3182291	-25.3863267
	-60.32651	-25.3933089
	-60.3332918	-25.3990612
	-60.3362004	-25.4019765
	-60.3359875	-25.4046509
	-60.3328537	-25.4056307
	-60.3297825	-25.4019841
	-60.3270125	-25.4003063
	-60.3222465	-25.4003769
	-60.3138109	-25.4016562
	-60.3129076	-25.4039266
	-60.3137129	-25.4052699
	-60.3154751	-25.4071142
	-60.3169979	-25.4101183
	-60.3169008	-25.4126654
	-60.3119226	-25.4190223
	-60.3072878	-25.421658
	-60.2985109	-25.4226169
	-60.2951035	-25.4233556
	-60.2920099	-25.4250688
	-60.2877366	-25.4298082
	-60.285666	-25.4336183
	-60.2812381	-25.4364222
	-60.2773597	-25.439973
	-60.2758074	-25.4427189
	-60.2763887	-25.4464618
	-60.2818819	-25.468471
	-60.2817698	-25.4713186
	-60.2795748	-25.4720356
	-60.2774187	-25.4735852
	-60.269179	-25.4751349
	-60.2668202	-25.4740513
	-60.2671163	-25.4726553
	-60.2692361	-25.4689065
	-60.2714106	-25.4621166
	-60.269989	-25.4596174
	-60.2662981	-25.4596331
	-60.2587076	-25.4616517
	-60.2556177	-25.4641315
	-60.2541634	-25.466469
	-60.2523562	-25.4765296
	-60.2496096	-25.479474
	-60.247596	-25.4808725
	-60.246348	-25.479474
	-60.2459152	-25.477418
	-60.2475496	-25.4711056
	-60.2476141	-25.4694574
	-60.24406	-25.4689964
	-60.2417131	-25.4703307
	-60.2400935	-25.4709906
	-60.2252599	-25.4833675
	-60.2248903	-25.4869121
	-60.2327868	-25.4980684
	-60.235705	-25.5028715
	-60.2353128	-25.5052613
	-60.2338167	-25.5059702
	-60.2315769	-25.505281
	-60.2286931	-25.5024262
	-60.2266251	-25.5013028
	-60.2252212	-25.5021833
	-60.2245286	-25.5040941
	-60.2230021	-25.5082941
	-60.2228304	-25.5191386
	-60.2204271	-25.5251801
	-60.2223154	-25.5357133
	-60.2245345	-25.5407015
	-60.2274485	-25.5432432
	-60.2308767	-25.5445417
	-60.2363916	-25.5457809
	-60.2394815	-25.5493431
	-60.2401682	-25.5550734
	-60.234619	-25.5617202
	-60.2334298	-25.5647941
	-60.2305552	-25.5674622
	-60.2284518	-25.5684177
	-60.2255997	-25.5668095
	-60.2218004	-25.5625068
	-60.2187105	-25.5625068
	-60.2166016	-25.56334
	-60.2157923	-25.5649845
	-60.2121874	-25.5719528
	-60.2115007	-25.5764433
	-60.2118441	-25.5798497
	-60.2152325	-25.5814092
	-60.2181955	-25.5815529
	-60.2199122	-25.5840302
	-60.2190714	-25.5852552
	-60.2171797	-25.5862424
	-60.2137323	-25.5874364
	-60.2112604	-25.5923961
	-60.2139114	-25.59501
	-60.2173372	-25.5959515
	-60.2199616	-25.5965556
	-60.2204895	-25.5984619
	-60.2176806	-25.6013699
	-60.2115007	-25.602918
	-60.1946779	-25.6024536
	-60.1930397	-25.6031422
	-60.1931589	-25.6057347
	-60.1945063	-25.6165402
	-60.1919313	-25.6199455
	-60.1864382	-25.6221124
	-60.1839119	-25.6244961
	-60.1832774	-25.6278266
	-60.1787134	-25.63728
	-60.1779479	-25.6388672
	-60.1780143	-25.6417907
	-60.1829489	-25.6453307
	-60.1855776	-25.6480097
	-60.1864382	-25.6488866
	-60.1866098	-25.6521362
	-60.1835199	-25.6535289
	-60.1624056	-25.6524457
	-60.1582857	-25.6502793
	-60.1562258	-25.6464106
	-60.1562258	-25.6406847
	-60.1538225	-25.6383633
	-60.1510759	-25.6397562
	-60.1498743	-25.6468748
	-60.1464819	-25.6502204
	-60.1424929	-25.6530646
	-60.1385447	-25.6527552
	-60.1354548	-25.642387
	-60.1332232	-25.6420775
	-60.1318499	-25.6436251
	-60.1309477	-25.6457658
	-60.1299616	-25.6535289
	-60.1079889	-25.6620393
	-60.1012742	-25.6657417
	-60.094951	-25.6711043
	-60.09219	-25.6729758
	-60.0743433	-25.6779754
	-60.0698392	-25.6791175
	-60.061812	-25.6821524
	-60.0568897	-25.6827215
	-60.0431009	-25.68339
	-60.038526	-25.6836408
	-60.0360706	-25.6846212
	-60.0350328	-25.6860199
	-60.0384961	-25.6910996
	-60.0427576	-25.6951468
	-60.0438175	-25.6976149
	-60.0413589	-25.6985662
	-60.0382944	-25.6987045
	-60.0316703	-25.6945109
	-60.0296133	-25.6936079
	-60.0255258	-25.6937057
	-60.0176546	-25.6961067
	-60.0174174	-25.6992129
	-60.0204416	-25.7089131
	-60.01924	-25.7231417
	-60.0174742	-25.7250465
	-60.0116475	-25.7232077
	-60.0104352	-25.7238905
	-60.0113436	-25.7344306
	-60.0102506	-25.7375847
	-60.0078638	-25.7379345
	-60.0013872	-25.7333482
	-59.9969309	-25.7308963
	-59.9897142	-25.728709
	-59.9861094	-25.7293276
	-59.9886843	-25.7372141
	-59.9849077	-25.7384511
	-59.9806162	-25.7367502
	-59.9782129	-25.7375233
	-59.9785563	-25.740152
	-59.9807879	-25.7416983
	-59.9841381	-25.745566
	-59.9859541	-25.7494123
	-59.9850949	-25.7504399
	-59.9775263	-25.7539131
	-59.974618	-25.7553552
	-59.9728121	-25.7580155
	-59.9704882	-25.7622618
	-59.9657662	-25.7652993
	-59.9651519	-25.7703536
	-59.9618903	-25.7735561
	-59.9574944	-25.771757
	-59.9477877	-25.7640241
	-59.9416491	-25.7630347
	-59.9389025	-25.7636531
	-59.9389025	-25.7661267
	-59.9371859	-25.7693731
	-59.9340063	-25.7708076
	-59.9293317	-25.770124
	-59.9253412	-25.7767932
	-59.9239705	-25.7840097
	-59.9230847	-25.79014
	-59.9199229	-25.794125
	-59.9125736	-25.7951914
	-59.9000468	-25.7968373
	-59.8971888	-25.7967324
	-59.8946138	-25.795805
	-59.8882814	-25.8013099
	-59.8822542	-25.8046144
	-59.880478	-25.8041888
	-59.877709	-25.8016959
	-59.8753307	-25.8018706
	-59.8744673	-25.8033666
	-59.8765279	-25.8098626
	-59.8801123	-25.8156983
	-59.8771044	-25.8209949
	-59.8719545	-25.8251669
	-59.8705812	-25.8290298
	-59.8754419	-25.8353999
	-59.877916	-25.8425771
	-59.876597	-25.8463362
	-59.8750137	-25.8471619
	-59.8706027	-25.844581
	-59.8641215	-25.8454862
	-59.8636313	-25.8474208
	-59.8619982	-25.8506595
	-59.8592516	-25.8498871
	-59.858175	-25.8461771
	-59.8560987	-25.8459271
	-59.8516985	-25.8517409
	-59.8451754	-25.8542126
	-59.8403878	-25.8590479
	-59.835257	-25.8729497
	-59.834189	-25.876301
	-59.8321291	-25.8775366
	-59.8299846	-25.8759433
	-59.829712	-25.8704147
	-59.8286845	-25.8691178
	-59.825606	-25.8699684
	-59.823031	-25.8742932
	-59.8175379	-25.8789267
	-59.8135897	-25.8838689
	-59.8146196	-25.8857221
	-59.8247477	-25.8892742
	-59.8259493	-25.8912818
	-59.8238894	-25.8922083
	-59.8170229	-25.8923628
	-59.813933	-25.8957602
	-59.8093102	-25.8967684
	-59.8082682	-25.8969956
	-59.8070665	-25.8956057
	-59.8062082	-25.8929805
	-59.803805	-25.8918995
	-59.8010584	-25.8926716
	-59.7999185	-25.8933314
	-59.7996851	-25.8945248
	-59.8000518	-25.8957164
	-59.8016715	-25.8970678
	-59.8025817	-25.8978641
	-59.8031183	-25.8993119
	-59.8002001	-25.9003928
	-59.7979171	-25.8993811
	-59.7953936	-25.8973044
	-59.7929903	-25.8973044
	-59.790587	-25.8990031
	-59.7896507	-25.9011482
	-59.7869822	-25.9034812
	-59.7859522	-25.9047165
	-59.7869669	-25.9080691
	-59.7869822	-25.9095032
	-59.7852655	-25.9112017
	-59.781489	-25.9116649
	-59.7792574	-25.9150617
	-59.7777305	-25.9161819
	-59.7758242	-25.9164513
	-59.7651812	-25.9158337
	-59.7627779	-25.9170689
	-59.7629496	-25.9196936
	-59.7679277	-25.9247885
	-59.7667261	-25.9271043
	-59.7631212	-25.9260236
	-59.7615763	-25.9218551
	-59.7574564	-25.9184584
	-59.7558594	-25.918371
	-59.7550531	-25.9192304
	-59.7514483	-25.9213919
	-59.74853	-25.926178
	-59.7488563	-25.9285707
	-59.750075	-25.930655
	-59.7549249	-25.9350746
	-59.7564264	-25.9369844
	-59.7563958	-25.9381164
	-59.7555681	-25.9393
	-59.7532193	-25.9405481
	-59.7462984	-25.9419242
	-59.744745	-25.9441308
	-59.746138	-25.9460919
	-59.7481365	-25.9472567
	-59.750302	-25.9474385
	-59.7517916	-25.9479442
	-59.7527067	-25.9490087
	-59.7531649	-25.9507226
	-59.7526499	-25.9564335
	-59.7509333	-25.9582857
	-59.7470531	-25.9558631
	-59.7456615	-25.952557
	-59.7444101	-25.9499509
	-59.7418352	-25.9488704
	-59.7402903	-25.9510313
	-59.7413202	-25.9547357
	-59.7450968	-25.9610638
	-59.7489129	-25.9631215
	-59.7496493	-25.9640087
	-59.7492167	-25.9653852
	-59.7473284	-25.9675459
	-59.7430368	-25.9683175
	-59.7418352	-25.9693978
	-59.7415613	-25.9738887
	-59.7405172	-25.9750894
	-59.7390715	-25.9762812
	-59.7360501	-25.9762043
	-59.7315355	-25.9700151
	-59.7281023	-25.9692435
	-59.7265574	-25.9700151
	-59.726214	-25.9735646
	-59.7286173	-25.9797374
	-59.7276456	-25.9819512
	-59.7260424	-25.9828236
	-59.7196909	-25.9908475
	-59.7235373	-25.9943032
	-59.7245566	-25.9962796
	-59.7251841	-25.9982537
	-59.7245421	-25.9995021
	-59.7233839	-26.0004021
	-59.7143429	-25.9999549
	-59.7075029	-25.9968651
	-59.7061296	-25.9974822
	-59.7051365	-25.9987654
	-59.7054321	-26.0002832
	-59.7061296	-26.0014938
	-59.7087046	-26.003808
	-59.7087046	-26.0082822
	-59.7066446	-26.0101335
	-59.7038981	-26.0088993
	-59.7016665	-26.001648
	-59.6996065	-26.0018023
	-59.694285	-26.0067394
	-59.6898218	-26.0058137
	-59.6872469	-26.0031909
	-59.683127	-26.0022652
	-59.6793505	-25.9977908
	-59.6776339	-25.9976365
	-59.6770009	-25.9991078
	-59.6757456	-26.0034995
	-59.674544	-26.0041166
	-59.6705957	-26.0036537
	-59.6689305	-26.0040101
	-59.6685181	-26.005081
	-59.6680512	-26.0073698
	-59.6678492	-26.0107506
	-59.6697374	-26.0125852
	-59.6711583	-26.0123681
	-59.6728954	-26.0110591
	-59.6743723	-26.0088993
	-59.6758138	-26.0081338
	-59.6788355	-26.007665
	-59.6820971	-26.0081279
	-59.6838137	-26.0088993
	-59.6814104	-26.012139
	-59.6731707	-26.015533
	-59.6671625	-26.0240174
	-59.6665514	-26.0259851
	-59.6673342	-26.0269482
	-59.6748873	-26.030496
	-59.675507	-26.0321957
	-59.6752306	-26.0366658
	-59.6767718	-26.039586
	-59.6766039	-26.0417556
	-59.6743723	-26.0432979
	-59.6693941	-26.0431437
	-59.6677488	-26.0434925
	-59.6668192	-26.0448402
	-59.6666393	-26.0462566
	-59.6674887	-26.0478637
	-59.6723124	-26.0476163
	-59.6745577	-26.0479138
	-59.6755419	-26.0486027
	-59.676208	-26.0497678
	-59.6769472	-26.0534767
	-59.6759172	-26.0560984
	-59.6702524	-26.0618042
	-59.667677	-26.0615428
	-59.6665809	-26.0595509
	-59.6657892	-26.0551731
	-59.6652649	-26.0541684
	-59.6642443	-26.0539394
	-59.662356	-26.0545562
	-59.6618046	-26.0553972
	-59.6616893	-26.056758
	-59.6619638	-26.0596674
	-59.662871	-26.0641173
	-59.6655912	-26.0657448
	-59.6683641	-26.0662761
	-59.6714541	-26.0693601
	-59.6717254	-26.0708849
	-59.6714716	-26.0731226
	-59.669362	-26.0741912
	-59.6645876	-26.074911
	-59.6639267	-26.0759403
	-59.663923	-26.0770814
	-59.6655582	-26.0778444
	-59.6717974	-26.0796908
	-59.6796938	-26.0881706
	-59.6805521	-26.0926415
	-59.6747156	-26.0947998
	-59.6727268	-26.0957261
	-59.6726557	-26.0975747
	-59.6731018	-26.0993738
	-59.6742941	-26.1004094
	-59.6750589	-26.1021994
	-59.6717974	-26.1080571
	-59.6717079	-26.1096458
	-59.6726557	-26.1103693
	-59.6738326	-26.1112732
	-59.6779772	-26.1131438
	-59.6791245	-26.1147866
	-59.6792139	-26.1162112
	-59.6767756	-26.116689
	-59.6685358	-26.1131438
	-59.6658123	-26.1132271
	-59.6627213	-26.1142753
	-59.6561762	-26.1148394
	-59.6508547	-26.1177679
	-59.6482798	-26.1197717
	-59.647428	-26.1223376
	-59.6484514	-26.1239331
	-59.6518847	-26.1267073
	-59.6558329	-26.128865
	-59.6566912	-26.1358001
	-59.6597811	-26.13842
	-59.6605184	-26.1395147
	-59.6601244	-26.1411938
	-59.6590944	-26.1435053
	-59.6572062	-26.1439676
	-59.6505114	-26.1418102
	-59.6477648	-26.1418102
	-59.6472498	-26.1401151
	-59.6484916	-26.1383446
	-59.6482798	-26.1371871
	-59.6479277	-26.1361283
	-59.6469065	-26.1354919
	-59.6351308	-26.1369719
	-59.6258426	-26.1361557
	-59.6240755	-26.1347214
	-59.6266504	-26.1310226
	-59.6350618	-26.1277862
	-59.6438166	-26.1253202
	-59.6448465	-26.1231625
	-59.6434203	-26.121572
	-59.6414133	-26.1208506
	-59.6366463	-26.1209314
	-59.6323153	-26.1210047
	-59.6251055	-26.1183845
	-59.619784	-26.1174598
	-59.6183815	-26.117654
	-59.6172091	-26.1182303
	-59.6144625	-26.1206964
	-59.6138368	-26.1226453
	-59.6124952	-26.1238068
	-59.6093126	-26.1247037
	-59.6070536	-26.1239937
	-59.6055361	-26.122546
	-59.6043345	-26.1205423
	-59.6057077	-26.1173055
	-59.6053644	-26.1153018
	-59.6010729	-26.1162266
	-59.5983263	-26.1188469
	-59.5986693	-26.1236855
	-59.598498	-26.1270156
	-59.5987194	-26.1283632
	-59.5972963	-26.1300979
	-59.5948931	-26.1311768
	-59.5918032	-26.1297897
	-59.58631	-26.1223918
	-59.5839067	-26.1219295
	-59.5823618	-26.1234707
	-59.5815035	-26.1274779
	-59.5753237	-26.1371871
	-59.5753237	-26.1411938
	-59.5756904	-26.1421531
	-59.5773836	-26.1422725
	-59.5828768	-26.1424267
	-59.5847505	-26.1439173
	-59.584607	-26.1453962
	-59.5837351	-26.1455086
	-59.5821901	-26.146125
	-59.5748087	-26.1458168
	-59.5703394	-26.1477402
	-59.5677706	-26.1492069
	-59.5516853	-26.1510721
	-59.5470587	-26.1507252
	-59.5439096	-26.1495151
	-59.5445307	-26.1487208
	-59.5453382	-26.1469202
	-59.5457979	-26.1448922
	-59.5459431	-26.1438391
	-59.5449396	-26.1431972
	-59.5430513	-26.1430431
	-59.5403048	-26.1462791
	-59.5366999	-26.1462791
	-59.5360132	-26.1431972
	-59.5337816	-26.1418102
	-59.532065	-26.1419643
	-59.5305201	-26.1436594
	-59.5306917	-26.1450463
	-59.5324329	-26.1466376
	-59.5330832	-26.1479781
	-59.5332052	-26.149721
	-59.5318934	-26.1504396
	-59.5291468	-26.1504396
	-59.5236959	-26.1471724
	-59.5198369	-26.1445487
	-59.5178171	-26.1439676
	-59.5152422	-26.144584
	-59.5090624	-26.1573735
	-59.5058008	-26.1595306
	-59.5020243	-26.1562949
	-59.4967028	-26.1541377
	-59.4939562	-26.1549081
	-59.4934412	-26.1566031
	-59.4953295	-26.1618417
	-59.4932695	-26.1623039
	-59.4913638	-26.1621835
	-59.4906946	-26.1609173
	-59.4888063	-26.1569112
	-59.4866765	-26.1560192
	-59.4846597	-26.157069
	-59.4759317	-26.1626121
	-59.4735383	-26.1615832
	-59.471439	-26.1593972
	-59.468294	-26.157523
	-59.4666548	-26.1552121
	-59.4656321	-26.1525969
	-59.4632288	-26.1505937
	-59.4616157	-26.1517506
	-59.4618555	-26.152905
	-59.4618555	-26.1567571
	-59.4604822	-26.158452
	-59.4590396	-26.1592613
	-59.4580202	-26.1598332
	-59.4563623	-26.1607632
	-59.4539591	-26.160301
	-59.4539591	-26.1578357
	-59.4551607	-26.1515182
	-59.4543024	-26.1492069
	-59.4526538	-26.1482524
	-59.4507579	-26.1490899
	-59.4441744	-26.1535214
	-59.4405695	-26.1538295
	-59.4385096	-26.1498232
	-59.435248	-26.1509019
	-59.4331881	-26.1539836
	-59.42512	-26.1595306
	-59.4206568	-26.1613795
	-59.4199701	-26.1641528
	-59.4220301	-26.1675424
	-59.4203135	-26.1707777
	-59.4146486	-26.1680046
	-59.4125887	-26.1684668
	-59.411184	-26.173943
	-59.4072672	-26.1797131
	-59.4103571	-26.1815617
	-59.4173952	-26.1784806
	-59.4192835	-26.179405
	-59.4194551	-26.1817157
	-59.417473	-26.1852169
	-59.4177064	-26.1868355
	-59.4192518	-26.1875133
	-59.42306	-26.1880315
	-59.4237467	-26.1894179
	-59.4173952	-26.194039
	-59.4165339	-26.1953615
	-59.4172236	-26.1963494
	-59.4189712	-26.1972792
	-59.420641	-26.1972594
	-59.4244333	-26.1968115
	-59.4280024	-26.1980437
	-59.4282406	-26.1986392
	-59.4274198	-26.1996841
	-59.4247767	-26.2022024
	-59.4189246	-26.2053107
	-59.41622	-26.2057481
	-59.4107312	-26.2064045
	-59.4085491	-26.2071996
	-59.4079538	-26.2082091
	-59.4082552	-26.2094419
	-59.4106781	-26.2116345
	-59.4127224	-26.2152457
	-59.414629	-26.2186847
	-59.4148203	-26.2216075
	-59.4144647	-26.2238006
	-59.4127796	-26.2253575
	-59.4040056	-26.229923
	-59.401278	-26.2325102
	-59.4011707	-26.2337517
	-59.4021796	-26.2396516
	-59.4010956	-26.2434173
	-59.4002136	-26.2445408
	-59.3976542	-26.2457824
	-59.3943061	-26.2467312
	-59.3928759	-26.2478031
	-59.3928475	-26.2488197
	-59.3939412	-26.249975
	-59.3972919	-26.2526201
	-59.398206	-26.2547832
	-59.3980065	-26.2569231
	-59.3968841	-26.2589706
	-59.3952835	-26.2601592
	-59.3899294	-26.2611778
	-59.3872133	-26.2636235
	-59.3852187	-26.2635504
	-59.3821332	-26.2622101
	-59.3801447	-26.2624093
	-59.3795131	-26.2636428
	-59.3792864	-26.2671814
	-59.3803993	-26.2686736
	-59.382033	-26.2691825
	-59.3870111	-26.2699522
	-59.3906131	-26.2709085
	-59.3933577	-26.2724449
	-59.3947385	-26.274065
	-59.3943941	-26.2751281
	-59.3930959	-26.2766788
	-59.3857627	-26.2793555
	-59.3832382	-26.2806221
	-59.3822619	-26.2823767
	-59.3822211	-26.2837341
	-59.3842947	-26.2858464
	-59.3888111	-26.2885794
	-59.3895229	-26.2900175
	-59.3854662	-26.2967333
	-59.3861605	-26.2980969
	-59.3883924	-26.2987291
	-59.3896304	-26.2986657
	-59.3934229	-26.2962041
	-59.3970631	-26.2947013
	-59.401311	-26.2934812
	-59.4030361	-26.2938487
	-59.4034996	-26.2946037
	-59.403742	-26.2956917
	-59.4035866	-26.297168
	-59.4026423	-26.29926
	-59.4008636	-26.3014213
	-59.4002054	-26.3020871
	-59.3977562	-26.3030577
	-59.3950682	-26.302824
	-59.3899901	-26.3023705
	-59.3879492	-26.3028247
	-59.3856379	-26.3036584
	-59.3844362	-26.3053512
	-59.3844362	-26.3084288
	-59.3843094	-26.3093507
	-59.3835016	-26.3098589
	-59.3798014	-26.3104292
	-59.3782563	-26.3122758
	-59.3781152	-26.3139174
	-59.3788492	-26.3178853
	-59.3785336	-26.3193894
	-59.3777257	-26.3206825
	-59.3701883	-26.3241236
	-59.3631502	-26.3273546
	-59.3616196	-26.3297673
	-59.3618761	-26.3319231
	-59.3618889	-26.3330972
	-59.361452	-26.3340043
	-59.3577976	-26.3375225
	-59.3533874	-26.3387509
	-59.3521997	-26.3383298
	-59.3514305	-26.3370529
	-59.3471518	-26.3307307
	-59.3456337	-26.3293288
	-59.344464	-26.3284696
	-59.3425037	-26.3283618
	-59.3412016	-26.3293326
	-59.339445	-26.3338725
	-59.3374603	-26.3370154
	-59.3363709	-26.3373406
	-59.3354058	-26.3371144
	-59.330784	-26.33439
	-59.3268163	-26.3313144
	-59.3213725	-26.325893
	-59.3162867	-26.3218157
	-59.3126346	-26.3211719
	-59.3107176	-26.3217647
	-59.3092952	-26.3236061
	-59.3109193	-26.3346443
	-59.3109652	-26.3379702
	-59.3106865	-26.3395672
	-59.3092485	-26.3405855
	-59.3076932	-26.3412547
	-59.3061558	-26.3407076
	-59.2975756	-26.3359702
	-59.2950021	-26.335325
	-59.293519	-26.3366712
	-59.2931428	-26.3381404
	-59.2925462	-26.3423325
	-59.290657	-26.3441295
	-59.2834993	-26.3430468
	-59.2798945	-26.3453543
	-59.2772879	-26.3503467
	-59.2740265	-26.3506264
	-59.2670198	-26.3473541
	-59.2617767	-26.3471866
	-59.2555532	-26.3493243
	-59.253623	-26.3493715
	-59.2527233	-26.3488381
	-59.2524743	-26.3479405
	-59.2529271	-26.3451592
	-59.2555345	-26.341537
	-59.2551612	-26.3403118
	-59.2539115	-26.339747
	-59.2513057	-26.3390525
	-59.2473709	-26.33988
	-59.2441817	-26.3400126
	-59.23987	-26.3403069
	-59.2381033	-26.3409388
	-59.2346337	-26.3434161
	-59.2335542	-26.3433776
	-59.23246	-26.3430845
	-59.2312717	-26.3423943
	-59.2285051	-26.3388384
	-59.2268188	-26.3385658
	-59.2233548	-26.3396479
	-59.2213273	-26.3385373
	-59.2185983	-26.3359014
	-59.2154848	-26.3339604
	-59.2121791	-26.332987
	-59.2111356	-26.3321463
	-59.2100166	-26.3315998
	-59.2047885	-26.3276812
	-59.2019444	-26.326552
	-59.1992919	-26.3261381
	-59.1975596	-26.3257746
	-59.1965258	-26.3265857
	-59.1957435	-26.3285833
	-59.1949255	-26.3303303
	-59.1935858	-26.331146
	-59.1923775	-26.3315402
	-59.1914717	-26.3311451
	-59.190531	-26.3304959
	-59.187982	-26.3259405
	-59.1869294	-26.3244623
	-59.1845119	-26.3220135
	-59.1833164	-26.3208617
	-59.1831867	-26.3201102
	-59.1832963	-26.3194388
	-59.1842476	-26.3186551
	-59.1880712	-26.3172113
	-59.1894855	-26.3152878
	-59.1890237	-26.3142106
	-59.1872139	-26.3130791
	-59.1823908	-26.3062745
	-59.1793009	-26.3044278
	-59.1766077	-26.3051053
	-59.1729494	-26.3088905
	-59.1705816	-26.3101498
	-59.1689184	-26.3100092
	-59.1680497	-26.3087087
	-59.16753	-26.3071393
	-59.1672846	-26.2995034
	-59.1658993	-26.2983695
	-59.1636591	-26.2986733
	-59.1584224	-26.3019368
	-59.1472749	-26.2999029
	-59.1424118	-26.2997538
	-59.1402802	-26.2993642
	-59.1389726	-26.2996655
	-59.137731	-26.3002634
	-59.1370871	-26.3009949
	-59.1362139	-26.304274
	-59.1355583	-26.3070439
	-59.1360432	-26.3109468
	-59.1368054	-26.3125272
	-59.1387893	-26.313548
	-59.141267	-26.3131473
	-59.1458634	-26.3094852
	-59.150056	-26.3090168
	-59.1520568	-26.3097412
	-59.1554541	-26.3119561
	-59.1556185	-26.3131322
	-59.1553146	-26.3140318
	-59.1548481	-26.3146333
	-59.1537971	-26.3158025
	-59.152865	-26.3173536
	-59.1510369	-26.3192088
	-59.1469414	-26.3223527
	-59.144914	-26.3234534
	-59.1427836	-26.3239415
	-59.1335525	-26.3261896
	-59.1310663	-26.3284921
	-59.1297192	-26.3293799
	-59.1274718	-26.3306308
	-59.1262575	-26.330124
	-59.1219415	-26.3281961
	-59.1189652	-26.3262067
	-59.1170017	-26.3254813
	-59.1144612	-26.3246836
	-59.1133501	-26.3250209
	-59.112599	-26.3258609
	-59.1123358	-26.328002
	-59.1125797	-26.3295054
	-59.1135297	-26.330806
	-59.1149913	-26.3333165
	-59.1158809	-26.3376765
	-59.116937	-26.338713
	-59.118245	-26.3389165
	-59.1194906	-26.3386243
	-59.1234814	-26.3372274
	-59.1247092	-26.3371882
	-59.1279385	-26.3388323
	-59.1290371	-26.3397342
	-59.1294388	-26.3409042
	-59.1286358	-26.3448243
	-59.1281165	-26.3457324
	-59.1265967	-26.3463364
	-59.1241086	-26.3459528
	-59.1227011	-26.3449672
	-59.1202707	-26.3419805
	-59.1180041	-26.3410624
	-59.1143795	-26.340804
	-59.1115061	-26.3412992
	-59.1094261	-26.3418473
	-59.1075414	-26.3431341
	-59.1053148	-26.3452005
	-59.1013114	-26.3480909
	-59.0998538	-26.3489715
	-59.0981516	-26.3506618
	-59.0959303	-26.352635
	-59.093149	-26.3535769
	-59.0907166	-26.3538656
	-59.0894255	-26.3543344
	-59.0874356	-26.3555496
	-59.0835206	-26.3572287
	-59.0787141	-26.360305
	-59.0704743	-26.3687643
	-59.0682427	-26.3727631
	-59.0654962	-26.3746086
	-59.0574281	-26.3706099
	-59.0537305	-26.3693716
	-59.0497033	-26.3695333
	-59.0430085	-26.3659959
	-59.0417286	-26.3659522
	-59.0390857	-26.3699264
	-59.0363674	-26.3731235
	-59.0328573	-26.3751144
	-59.0303056	-26.3755313
	-59.0258424	-26.3733782
	-59.0241258	-26.3733782
	-59.0231405	-26.3746523
	-59.0234391	-26.3796836
	-59.0239287	-26.3811078
	-59.0226021	-26.3822279
	-59.0210448	-26.3818286
	-59.0184765	-26.3804834
	-59.0168084	-26.3800268
	-59.015886	-26.3802988
	-59.0115945	-26.3795299
	-59.0038697	-26.3755313
	-59.0009515	-26.3746086
	-58.9997499	-26.3756851
	-58.9982782	-26.3800061
	-58.9945291	-26.3800941
	-58.9901093	-26.3792815
	-58.9839764	-26.3801345
	-58.9810956	-26.3818878
	-58.9777437	-26.3872047
	-58.9749626	-26.388711
	-58.9553089	-26.3993561
	-58.9535018	-26.4057525
	-58.9502099	-26.4129661
	-58.9441976	-26.4225642
	-58.9418698	-26.4300825
	-58.9402027	-26.4328709
	-58.9385495	-26.433959
	-58.9375857	-26.4337662
	-58.9326393	-26.4324516
	-58.9261804	-26.4338186
	-58.9257654	-26.4367151
	-58.9266397	-26.4396577
	-58.926533	-26.4411014
	-58.9253152	-26.4436962
	-58.923438	-26.4446636
	-58.9222191	-26.4449379
	-58.9178937	-26.4433426
	-58.9156552	-26.4434768
	-58.9142194	-26.4437215
	-58.9135057	-26.4445147
	-58.9130154	-26.445998
	-58.9138146	-26.4482912
	-58.9159497	-26.4513442
	-58.9150872	-26.453538
	-58.9143658	-26.4542781
	-58.9127908	-26.4547218
	-58.9118092	-26.4556557
	-58.9114493	-26.4571363
	-58.910803	-26.4601848
	-58.9101729	-26.4625246
	-58.9078736	-26.4638442
	-58.9055485	-26.4639724
	-58.9042619	-26.4645503
	-58.8969248	-26.4678403
	-58.8946286	-26.4692759
	-58.8919659	-26.470064
	-58.8902486	-26.470065
	-58.8877282	-26.4691674
	-58.8871125	-26.4690163
	-58.8862155	-26.4692875
	-58.8839514	-26.4713944
	-58.8820449	-26.4718857
	-58.8806362	-26.471908
	-58.8724802	-26.4721589
	-58.8692892	-26.4731815
	-58.866148	-26.475807
	-58.8641567	-26.4768941
	-58.8616357	-26.4808455
	-58.8603532	-26.4840532
	-58.859801	-26.488992
	-58.857462	-26.4949551
	-58.8561425	-26.5097283
	-58.8545062	-26.5118422
	-58.8531056	-26.5128825
	-58.8485305	-26.5151493
	-58.8454405	-26.5180007
	-58.84467	-26.5197363
	-58.8431994	-26.520709
	-58.8420578	-26.5207156
	-58.8412255	-26.5202315
	-58.8393476	-26.5188747
	-58.8382968	-26.519294
	-58.8369717	-26.5198919
	-58.8347907	-26.5218022
	-58.8339251	-26.5224794
	-58.8323216	-26.5228979
	-58.8285526	-26.523311
	-58.8217053	-26.5253097
	-58.819112	-26.5251488
	-58.8175667	-26.5241537
	-58.8155768	-26.5238295
	-58.8140378	-26.5238953
	-58.8053051	-26.520971
	-58.7984104	-26.5196873
	-58.793792	-26.5197129
	-58.7909392	-26.5205523
	-58.7897935	-26.52155
	-58.7899542	-26.522517
	-58.7905586	-26.523135
	-58.7918528	-26.5233442
	-58.7929556	-26.5241966
	-58.7944234	-26.5264695
	-58.7959139	-26.5280218
	-58.7964246	-26.5307501
	-58.7967398	-26.5322398
	-58.7958448	-26.5347824
	-58.7943375	-26.5372923
	-58.7928325	-26.5379976
	-58.7919102	-26.5375077
	-58.786187	-26.5352063
	-58.7827893	-26.5353534
	-58.7830382	-26.5368003
	-58.7834759	-26.5393463
	-58.7820272	-26.5412126
	-58.7750645	-26.5362748
	-58.7699685	-26.5392182
	-58.7671681	-26.5456427
	-58.7656231	-26.5548562
	-58.7633861	-26.5589517
	-58.7610838	-26.5589956
	-58.7584103	-26.5594418
	-58.7546368	-26.5637618
	-58.7547042	-26.5657417
	-58.7567444	-26.5672214
	-58.759615	-26.5691356
	-58.7602604	-26.5715328
	-58.7593733	-26.5730275
	-58.7559567	-26.5732209
	-58.7539218	-26.5791983
	-58.7513663	-26.5843245
	-58.7520313	-26.5867669
	-58.7529772	-26.5897593
	-58.7517724	-26.5960262
	-58.749693	-26.5986646
	-58.7453786	-26.6016305
	-58.7420349	-26.6042357
	-58.7394128	-26.6049286
	-58.734602	-26.6017531
	-58.7322412	-26.6015083
	-58.7299353	-26.6034378
	-58.7284265	-26.6040077
	-58.7211628	-26.602601
	-58.7183417	-26.6017266
	-58.7159207	-26.5991104
	-58.714983	-26.5955403
	-58.7139931	-26.594283
	-58.7120648	-26.5940053
	-58.7067971	-26.5975611
	-58.7022129	-26.5969651
	-58.7012501	-26.5913958
	-58.699244	-26.5905001
	-58.6974135	-26.5915638
	-58.6947809	-26.5951052
	-58.6895771	-26.5940053
	-58.6871739	-26.5964613
	-58.6882577	-26.6024729
	-58.6882552	-26.6044307
	-58.6863495	-26.6088552
	-58.6824013	-26.6149943
	-58.6812747	-26.6173416
	-58.6811842	-26.6203105
	-58.6838446	-26.624372
	-58.6842896	-26.6272714
	-58.6810177	-26.6328262
	-58.677574	-26.6342505
	-58.676447	-26.6366571
	-58.681028	-26.6401609
	-58.6813433	-26.6425601
	-58.680387	-26.6435545
	-58.6778567	-26.6435769
	-58.6739899	-26.6424624
	-58.672357	-26.643508
	-58.6719591	-26.6454907
	-58.6668689	-26.6452825
	-58.659227	-26.6505941
	-58.6596008	-26.6528414
	-58.6589376	-26.6541481
	-58.6580684	-26.6553933
	-58.6529634	-26.6596959
	-58.6492018	-26.6594714
	-58.6457837	-26.6572666
	-58.6420609	-26.6559638
	-58.64032	-26.6571793
	-58.6386276	-26.660106
	-58.637051	-26.6608541
	-58.6351801	-26.6602477
	-58.6310745	-26.6616401
	-58.627866	-26.6628844
	-58.6266652	-26.6639665
	-58.6237211	-26.6660983
	-58.6201752	-26.6697535
	-58.6158384	-26.6776116
	-58.6103724	-26.6819666
	-58.6034759	-26.6832097
	-58.5983004	-26.6866113
	-58.5916463	-26.6894291
	-58.585384	-26.6884335
	-58.5760042	-26.6862586
	-58.5724202	-26.6875886
	-58.5719485	-26.6890309
	-58.5755196	-26.6943314
	-58.5764299	-26.696273
	-58.5760293	-26.6988349
	-58.5743128	-26.7006129
	-58.5698963	-26.7031569
	-58.5696442	-26.7041972
	-58.5707374	-26.7054623
	-58.572168	-26.7063693
	-58.5727636	-26.7081389
	-58.5702576	-26.7146223
	-58.5693822	-26.7206579
	-58.5696958	-26.7254205
	-58.5676137	-26.7305253
	-58.5645366	-26.7303094
	-58.5614403	-26.7283492
	-58.5577913	-26.7287004
	-58.5566935	-26.7326411
	-58.5558328	-26.7364743
	-58.5546345	-26.7402618
	-58.553468	-26.7435262
	-58.5522503	-26.7458247
	-58.5512675	-26.7470165
	-58.5499897	-26.7484288
	-58.5481315	-26.7501178
	-58.5463537	-26.7512206
	-58.5448742	-26.7519218
	-58.5435063	-26.7520224
	-58.54233	-26.7516443
	-58.5416931	-26.7510174
	-58.5412038	-26.749909
	-58.5412006	-26.7491224
	-58.5416813	-26.747395
	-58.5437359	-26.7433173
	-58.5444268	-26.7410906
	-58.5445738	-26.7398939
	-58.5445191	-26.7387441
	-58.5441586	-26.737967
	-58.5437015	-26.7374487
	-58.5429484	-26.7370894
	-58.5420782	-26.7369361
	-58.5411534	-26.7370022
	-58.5398466	-26.7373011
	-58.5365904	-26.7384892
	-58.5343717	-26.739364
	-58.5319029	-26.7404594
	-58.5307904	-26.7418964
	-58.5302025	-26.7429638
	-58.5302111	-26.7440618
	-58.5340692	-26.7520282
	-58.534155	-26.7552309
	-58.5336389	-26.7572236
	-58.5328278	-26.7585283
	-58.5319652	-26.7593675
	-58.5310243	-26.759676
	-58.530195	-26.7594902
	-58.5292305	-26.7590112
	-58.527884	-26.7577179
	-58.5269077	-26.7567848
	-58.5261202	-26.7561563
	-58.52491	-26.7556333
	-58.5237782	-26.7556178
	-58.5221603	-26.7561304
	-58.5199017	-26.7571048
	-58.5179621	-26.7586058
	-58.516373	-26.7599845
	-58.5145674	-26.7622836
	-58.5136866	-26.7644667
	-58.5136179	-26.7660138
	-58.5132531	-26.768263
	-58.5124677	-26.7693541
	-58.5097856	-26.7710964
	-58.5073341	-26.7726683
	-58.5063512	-26.7738178
	-58.5036874	-26.7779326
	-58.5008056	-26.783122
	-58.4990117	-26.7865345
	-58.4974303	-26.7892976
	-58.4959432	-26.791036
	-58.4944874	-26.792437
	-58.4928533	-26.7934705
	-58.4915487	-26.793818
	-58.4901335	-26.7939235
	-58.4892485	-26.7939521
	-58.4881154	-26.7942194
	-58.4871745	-26.7946427
	-58.4859934	-26.7956424
	-58.4851489	-26.7969363
	-58.4843797	-26.7985872
	-58.4833218	-26.8004806
	-58.4808777	-26.8031236
	-58.47941	-26.8047382
	-58.4770133	-26.8069884
	-58.4747646	-26.8085828
	-58.4734566	-26.8097875
	-58.4729643	-26.8108254
	-58.4727969	-26.8115904
	-58.4729149	-26.8123402
	-58.4734181	-26.8130765
	-58.4744212	-26.8136941
	-58.4760896	-26.8143462
	-58.4791465	-26.8156383
	-58.4805313	-26.8175451
	-58.4782527	-26.8228503
	-58.4762826	-26.82685
	-58.473384	-26.8278652
	-58.4712235	-26.8265037
	-58.4674484	-26.821439
	-58.4588249	-26.816286
	-58.4537956	-26.8160994
	-58.4517798	-26.8189845
	-58.4444795	-26.8219407
	-58.4429536	-26.82513
	-58.4490985	-26.8292466
	-58.4487661	-26.8312262
	-58.4467641	-26.8322817
	-58.4443242	-26.8329041
	-58.4412671	-26.8291433
	-58.4332977	-26.825605
	-58.4293164	-26.8240963
	-58.4241609	-26.8228007
	-58.4214303	-26.8260975
	-58.4241645	-26.8296972
	-58.4289002	-26.8336717
	-58.4293203	-26.8354688
	-58.425584	-26.8378021
	-58.4203698	-26.8369099
	-58.4179848	-26.8348904
	-58.4168082	-26.8323218
	-58.4126983	-26.8299443
	-58.4086406	-26.8297668
	-58.4078696	-26.8315297
	-58.4091306	-26.8371857
	-58.4073437	-26.8396453
	-58.4042437	-26.8397941
	-58.4026777	-26.8386028
	-58.4019148	-26.834984
	-58.4034375	-26.8324551
	-58.4043241	-26.8273517
	-58.4031152	-26.8264406
	-58.3972167	-26.8338733
	-58.3944701	-26.8375495
	-58.391712	-26.8430894
	-58.3911029	-26.8466478
	-58.3927535	-26.8485772
	-58.3968734	-26.8550096
	-58.39756	-26.8586851
	-58.4000678	-26.8638664
	-58.4004519	-26.8653977
	-58.4002867	-26.8664352
	-58.3996129	-26.8671875
	-58.3985006	-26.8676134
	-58.3967794	-26.8672124
	-58.3955103	-26.8664227
	-58.3911743	-26.8611785
	-58.3900761	-26.8602887
	-58.3887339	-26.8594549
	-58.3870806	-26.858786
	-58.3856536	-26.8583734
	-58.3840282	-26.8582567
	-58.3823749	-26.8584365
	-58.3813632	-26.8588224
	-58.380934	-26.859478
	-58.3809437	-26.8601959
	-58.3815736	-26.8611979
	-58.3823636	-26.8624073
	-58.3829521	-26.863718
	-58.3831529	-26.8654133
	-58.3829714	-26.8674143
	-58.3823084	-26.8706329
	-58.377559	-26.8773263
	-58.3779906	-26.8801232
	-58.380166	-26.8874552
	-58.3807973	-26.8884252
	-58.383457	-26.8912241
	-58.3860973	-26.8931791
	-58.3879825	-26.8941684
	-58.391405	-26.8954688
	-58.3959367	-26.8966132
	-58.4001789	-26.8981288
	-58.4031477	-26.8994816
	-58.4121835	-26.9045837
	-58.4285717	-26.9131928
	-58.4436446	-26.9219212
	-58.4537492	-26.9269212
	-58.4584697	-26.9286508
	-58.4634217	-26.9303163
	-58.4670067	-26.931308
	-58.4707619	-26.9320225
	-58.4747562	-26.9324156
	-58.4776541	-26.9323525
	-58.4798503	-26.9320904
	-58.4825078	-26.9315193
	-58.4847791	-26.9308038
	-58.4869785	-26.929523
	-58.4891597	-26.9278012
	-58.491358	-26.9257054
	-58.4931004	-26.9246264
	-58.4942022	-26.9240103
	-58.4960948	-26.9233551
	-58.4977578	-26.9230164
	-58.4991429	-26.9229495
	-58.5002683	-26.9231025
	-58.5014709	-26.9234958
	-58.502427	-26.9240735
	-58.5031254	-26.9247584
	-58.503737	-26.9257398
	-58.5039151	-26.9268083
	-58.5038099	-26.9280701
	-58.503414	-26.9293537
	-58.496513	-26.9370365
	-58.4935421	-26.9400886
	-58.4912934	-26.943989
	-58.4844354	-26.957598
	-58.4808875	-26.9634247
	-58.4740803	-26.9740844
	-58.4721234	-26.9776623
	-58.4700902	-26.981876
	-58.4687331	-26.986664
	-58.4682696	-26.9896603
	-58.4680625	-26.9925407
	-58.4684702	-26.9956755
	-58.469277	-26.9979593
	-58.4705516	-27.00044
	-58.4719388	-27.0020861
	-58.4727177	-27.003
	-58.4740546	-27.0040371
	-58.4753957	-27.0046777
	-58.4768634	-27.0051785
	-58.4783289	-27.0052436
	-58.4796293	-27.0047617
	-58.4852227	-27.0006955
	-58.4882152	-26.9990683
	-58.4931	-26.9971334
	-58.4967716	-26.9959662
	-58.4991586	-26.9955503
	-58.5017046	-26.9953104
	-58.5042816	-26.9954901
	-58.5071474	-26.9958706
	-58.5105763	-26.9967348
	-58.5130042	-26.9977921
	-58.5152635	-26.999013
	-58.519555	-27.0039074
	-58.5203191	-27.0058955
	-58.520405	-27.0078981
	-58.5200745	-27.0101205
	-58.5192333	-27.0122778
	-58.5160824	-27.0173485
	-58.5124313	-27.0220003
	-58.5095925	-27.02555
	-58.5063923	-27.0294681
	-58.4995639	-27.0399089
	-58.4990615	-27.0441724
	-58.4990883	-27.0470566
	-58.4994758	-27.0499158
	-58.5000699	-27.0516498
	-58.5007885	-27.0532194
	-58.5036306	-27.056986
	-58.5089521	-27.0611135
	-58.510224	-27.0617665
	-58.5115297	-27.0623178
	-58.5133738	-27.0627661
	-58.5145635	-27.0628896
	-58.5156753	-27.0629319
	-58.5164354	-27.0627834
	-58.5171361	-27.0624967
	-58.5177288	-27.0621584
	-58.5186461	-27.0613463
	-58.5193572	-27.0603492
	-58.5198786	-27.0593011
	-58.5201276	-27.0580166
	-58.5203898	-27.0562537
	-58.5196426	-27.0544897
	-58.5175351	-27.0511766
	-58.52011	-27.0420034
	-58.5276945	-27.0376392
	-58.5311233	-27.036115
	-58.5358447	-27.0345011
	-58.5384503	-27.0341179
	-58.5412308	-27.033884
	-58.544198	-27.0340282
	-58.5491578	-27.0340939
	-58.5515438	-27.0343852
	-58.5536346	-27.0347872
	-58.5552762	-27.0354183
	-58.5570559	-27.036259
	-58.5583391	-27.0371838
	-58.5593892	-27.0381176
	-58.5621582	-27.0417206
	-58.5625351	-27.0425195
	-58.5627196	-27.0431499
	-58.5627975	-27.0437888
	-58.5627175	-27.0444526
	-58.5624064	-27.0453654
	-58.5604505	-27.0494949
	-58.5577131	-27.0528566
	-58.5565785	-27.0543389
	-58.5558812	-27.0556432
	-58.5550143	-27.0574251
	-58.5542359	-27.0592061
	-58.555644	-27.0635594
	-58.5566739	-27.0721195
	-58.5578756	-27.081596
	-58.5571947	-27.0907946
	-58.5566227	-27.0939537
	-58.5555023	-27.0982387
	-58.554099	-27.1006994
	-58.5538171	-27.1045377
	-58.5538147	-27.1056699
	-58.5539273	-27.1068118
	-58.5541784	-27.107515
	-58.5544925	-27.1082439
	-58.5553178	-27.109543
	-58.5560932	-27.1104722
	-58.5567271	-27.1110647
	-58.5576355	-27.1113711
	-58.5586885	-27.1115041
	-58.5598577	-27.111555
	-58.564742	-27.1104791
	-58.5671756	-27.1095702
	-58.5687101	-27.1090877
	-58.5696151	-27.1089113
	-58.5702963	-27.1088451
	-58.571682	-27.108806
	-58.5817365	-27.1091038
	-58.5893815	-27.1093212
	-58.5961192	-27.1098541
	-58.6025075	-27.1104791
	-58.6198453	-27.1124655
	-58.6239712	-27.1132577
	-58.627825	-27.1141287
	-58.6314536	-27.1152366
	-58.6345499	-27.1166097
	-58.6376269	-27.1182044
	-58.6414164	-27.1204333
	-58.6445127	-27.1226926
	-58.6470168	-27.1245756
	-58.6491348	-27.1266249
	-58.6508599	-27.1292926
	-58.6523104	-27.1321056
	-58.6540936	-27.1365532
	-58.6557888	-27.1419265
	-58.6573122	-27.1477712
	-58.6584788	-27.1523855
	-58.6614106	-27.1596163
	-58.6623548	-27.1625164
	-58.6631015	-27.1667144
	-58.6637002	-27.1708494
	-58.663831	-27.1742396
	-58.6636165	-27.1783876
	-58.6633761	-27.1805389
	-58.6629323	-27.1831886
	-58.6621251	-27.1848203
	-58.6602454	-27.1876337
	-58.6585525	-27.1897639
	-58.6566363	-27.1917793
	-58.6535914	-27.1938692
	-58.6508384	-27.1955049
	-58.6477486	-27.1970318
	-58.6417511	-27.1992055
	-58.6345778	-27.2017705
	-58.630252	-27.203137
	-58.6104423	-27.2118162
	-58.604595	-27.2150697
	-58.5989537	-27.219136
	-58.5958811	-27.221693
	-58.5942781	-27.2241906
	-58.5931387	-27.2271023
	-58.5924692	-27.2301589
	-58.5924715	-27.2326622
	-58.5926581	-27.2348428
	-58.5940743	-27.2395915
	-58.5946773	-27.2432926
	-58.5946064	-27.2461465
	-58.5935897	-27.2546354
	-58.5932644	-27.2571903
	-58.5932928	-27.258909
	-58.5936761	-27.2604161
	-58.5943863	-27.2624863
	-58.5950697	-27.2644757
	-58.5969205	-27.2685031
	-58.5979419	-27.2700403
	-58.5991446	-27.2715754
	-58.604495	-27.2765458
	-58.6054053	-27.277517
	-58.6065817	-27.279222
	-58.6075619	-27.2812764
	-58.6080086	-27.2827863
	-58.608108	-27.2846032
	-58.6079958	-27.2861055
	-58.6075902	-27.287541
	-58.607419	-27.2907221
	-58.6075622	-27.2931185
	-58.6050998	-27.2951983
	-58.5992815	-27.2971923
	-58.6032676	-27.3014553
	-58.6181654	-27.314316
	-58.6225489	-27.3251648
	-58.6259964	-27.3266863
	-58.6315005	-27.3295698
	-58.646726	-27.3383216
	-58.6548465	-27.342989
	-58.6733859	-27.3536622
	-58.719667	-27.371917
	-58.7253629	-27.3741635
	-58.7667037	-27.3717634
	-58.7726569	-27.3765361
	-58.7887232	-27.3894152
	-58.7943052	-27.3938896
	-58.8120565	-27.4363882
	-58.850262	-27.4579685
	-58.8577168	-27.4621789
	-58.8631721	-27.4734084
	-58.8670669	-27.4814251
	-58.8774432	-27.4908732
	-58.8848528	-27.5258812
	-58.8852972	-27.5345313
	-58.8808629	-27.5429378
	-58.8707984	-27.5620149
	-58.8712474	-27.5817859
	-58.8780759	-27.5944037
	-58.8827272	-27.6094004
	-58.8750081	-27.621063
	-58.8687734	-27.6263239
	-58.8573927	-27.6356177
	-58.8421524	-27.6455272
	-58.8378862	-27.6492162
	-58.8320163	-27.6594284
	-58.819155	-27.681955
	-58.8134616	-27.6919253
	-58.8131183	-27.7757966
	-58.821358	-27.8553537
	-58.8341368	-27.8726827
	-58.8491672	-27.9260559
	-58.8316577	-27.9569926
	-58.8397762	-27.9875558
	-58.8544672	-28.0084866
	-58.8620383	-28.0243027
	-58.860342	-28.0583007
	-58.9021119	-28.0836019
	-58.8950213	-28.0446795
	-58.8977879	-28.0400514
	-58.8980452	-28.0365873
	-58.8974019	-28.0305675
	-58.8965976	-28.0275291
	-58.8957912	-28.0260934
	-58.8982039	-28.0218877
	-58.8998551	-28.0176311
	-58.9009722	-28.0138415
	-58.8994971	-28.0094766
	-58.8980922	-28.0048143
	-58.8986536	-28.0009762
	-59.3808903	-28.000801
	-59.4029142	-28.0007929
	-59.7592955	-28.0005264
	-59.8119592	-28.0006811
	-59.9781342	-28.001126
	-60.2052064	-28.0013001
	-60.2170421	-28.0013093
	-60.5691983	-28.0003765
	-60.6443488	-28.0001061
	-60.6478722	-28.0000935
	-60.7481638	-27.9994805
	-60.8168393	-27.9990608
	-60.910339	-27.9988277
	-61.1835202	-27.9982455
	-61.2752857	-27.9986004
	-61.4073107	-27.9997244
	-61.7116224	-27.9986392
	-61.713031	-27.7949698
	-61.7134211	-27.7159456
	-61.7162026	-27.137995
	-61.7164224	-27.0572307
	-61.7167713	-26.928885
	-61.7163615	-26.7904568
	-61.7162573	-26.7552824
	-61.7162445	-26.6543033
	-61.7162434	-26.6452401
	-61.7162012	-26.3137113
	-61.7123711	-26.2406214
	-61.7125374	-26.1343025
	-61.7162007	-26.0313265
	-61.7162006	-25.9566462
	-61.7162003	-25.79216
	-61.7162001	-25.65
	-62.0407707	-25.6499924
	-62.1782159	-25.6499891
	-62.2713575	-25.6499869
	-62.3199871	-25.6499857
	-62.4678738	-25.6499822
	-62.6318239	-25.6499783
	-63.0822336	-25.6499675
	-63.4222978	-25.6490492