	-67.2129355	-23.694502
	-67.1820533	-23.5985474
	-67.1697379	-23.5601542
	-67.140768	-23.4699078
	-67.1121663	-23.3806965
	-67.1061601	-23.3608499
	-67.0897214	-23.3106081
	-67.071325	-23.2531039
	-67.0631497	-23.2273725
	-67.0628818	-23.226529
	-67.062845	-23.2264294
	-67.0475892	-23.1788225
	-67.030074	-23.1239701
	-67.0195787	-23.0910612
	-67.0051264	-23.0458814
	-66.9991496	-23.0272436
	-66.9904784	-23.0004063
	-67.0459425	-22.9459676
	-67.1014066	-22.8915069
	-67.1448611	-22.8489431
	-67.1807903	-22.8137975
	-67.1283756	-22.7223334
	-67.0136973	-22.6550157
	-67.0282746	-22.5408924
	-66.9730141	-22.5409432
	-66.9279493	-22.4924793
	-66.85793	-22.4670548
	-66.8023597	-22.4468735
	-66.7824706	-22.4377783
	-66.7832366	-22.4314355
	-66.7850991	-22.4252947
	-66.7849789	-22.4012091
	-66.7662949	-22.3579388
	-66.7646583	-22.3541481
	-66.760543	-22.3276008
	-66.7564488	-22.3153574
	-66.7552386	-22.299476
	-66.7389909	-22.2389314
	-66.6858381	-22.2094697
	-66.6520895	-22.2170442
	-66.6380197	-22.2262611
	-66.623098	-22.1976729
	-66.3558515	-22.1306485
	-66.3477452	-22.1282525
	-66.3484354	-22.1266967
	-66.3490641	-22.1255061
	-66.3493205	-22.1250181
	-66.3495169	-22.12436
	-66.3495952	-22.123727
	-66.34949	-22.123063
	-66.3492486	-22.1221547
	-66.348842	-22.1211843
	-66.3481522	-22.120301
	-66.3476318	-22.1199313
	-66.3469956	-22.119819
	-66.346353	-22.1199121
	-66.3444743	-22.120124
	-66.3434347	-22.1198727
	-66.3425882	-22.1193488
	-66.3420013	-22.1186391
	-66.3415089	-22.1177884
	-66.3410507	-22.1172804
	-66.3403083	-22.1171045
	-66.3393191	-22.1171145
	-66.338758	-22.1175806
	-66.3382065	-22.1184215
	-66.3376465	-22.1196698
	-66.337242	-22.120154
	-66.3366455	-22.1202423
	-66.3356241	-22.1199916
	-66.3344718	-22.1197702
	-66.3335202	-22.119336
	-66.3326651	-22.1190287
	-66.3320503	-22.1187764
	-66.3315536	-22.1180795
	-66.3312464	-22.1170778
	-66.3310547	-22.1159754
	-66.3311448	-22.1147827
	-66.3313186	-22.1134875
	-66.3313369	-22.112254
	-66.330706	-22.1115891
	-66.3298735	-22.1111654
	-66.3282427	-22.1110063
	-66.3277513	-22.1105912
	-66.3276419	-22.1099726
	-66.3281568	-22.1081436
	-66.328586	-22.1060761
	-66.3285334	-22.1045813
	-66.3281965	-22.1035119
	-66.3274702	-22.1027362
	-66.3259252	-22.1017024
	-66.3246378	-22.09876
	-66.3232645	-22.097408
	-66.3232645	-22.0962947
	-66.3237886	-22.0948844
	-66.3239881	-22.0946323
	-66.3243191	-22.0945448
	-66.3246539	-22.0945066
	-66.3248668	-22.0943375
	-66.3248792	-22.0940453
	-66.3247982	-22.0937531
	-66.3246346	-22.093601
	-66.3242038	-22.0934886
	-66.3234369	-22.093656
	-66.3229582	-22.0936566
	-66.3225338	-22.0935379
	-66.322109	-22.0932018
	-66.3217957	-22.092835
	-66.321727	-22.0925433
	-66.3218327	-22.0921402
	-66.3222914	-22.0919189
	-66.3227928	-22.0918444
	-66.3233213	-22.0917096
	-66.3236518	-22.0914125
	-66.3240659	-22.0909849
	-66.3244661	-22.0904891
	-66.3252085	-22.0894435
	-66.3253748	-22.0889858
	-66.3253872	-22.0886543
	-66.3251887	-22.0883838
	-66.3249043	-22.0882037
	-66.3243599	-22.0881363
	-66.3239635	-22.0880255
	-66.3233863	-22.0878126
	-66.3218703	-22.0870049
	-66.3190427	-22.0853257
	-66.3183593	-22.0849983
	-66.3178352	-22.084943
	-66.3174194	-22.085021
	-66.3171335	-22.0853725
	-66.3170509	-22.085811
	-66.3170412	-22.0863716
	-66.3169656	-22.0873002
	-66.3167837	-22.0886576
	-66.3166357	-22.089382
	-66.3164957	-22.0897344
	-66.3161995	-22.089871
	-66.3157554	-22.0897836
	-66.3150237	-22.0895335
	-66.3142072	-22.0891886
	-66.3137426	-22.0890941
	-66.3133639	-22.0892208
	-66.3131112	-22.08953
	-66.3128307	-22.0903442
	-66.3124723	-22.0913651
	-66.3122465	-22.091643
	-66.3119574	-22.0916972
	-66.3099607	-22.0910458
	-66.3094077	-22.0911053
	-66.30903	-22.0915018
	-66.309082	-22.0920348
	-66.3092837	-22.0924722
	-66.309472	-22.0930418
	-66.3093637	-22.0934587
	-66.3089871	-22.0940473
	-66.3084222	-22.0946016
	-66.3076846	-22.094758
	-66.3069143	-22.0945274
	-66.3061246	-22.0940353
	-66.3050759	-22.0931591
	-66.3033518	-22.0916025
	-66.3024575	-22.0907622
	-66.3019366	-22.0904109
	-66.3013342	-22.0901478
	-66.3003616	-22.0899271
	-66.2987341	-22.0897497
	-66.2980394	-22.0897155
	-66.2973956	-22.08978
	-66.296025	-22.0903154
	-66.2954441	-22.0904402
	-66.2952236	-22.0903985
	-66.2950004	-22.0902865
	-66.2946615	-22.0898904
	-66.2942848	-22.089536
	-66.2940061	-22.0893789
	-66.2936615	-22.0893009
	-66.2928595	-22.0894052
	-66.2922796	-22.0892961
	-66.2915345	-22.0890455
	-66.2906263	-22.0885518
	-66.2895519	-22.0878901
	-66.2887702	-22.0873613
	-66.2882456	-22.0867027
	-66.2879258	-22.0860535
	-66.2877323	-22.0851171
	-66.2876914	-22.0842197
	-66.2878329	-22.0831431
	-66.288083	-22.0824824
	-66.2889703	-22.0811057
	-66.2891213	-22.0807856
	-66.2898946	-22.0792394
	-66.2901499	-22.0781199
	-66.2904002	-22.076865
	-66.290563	-22.0756958
	-66.2905941	-22.0751204
	-66.2904536	-22.0746192
	-66.2900909	-22.0741481
	-66.2897573	-22.0737732
	-66.2890181	-22.0731505
	-66.2878164	-22.0723551
	-66.2867757	-22.071856
	-66.2858252	-22.0712256
	-66.2852951	-22.0707656
	-66.2848037	-22.0701351
	-66.284454	-22.0693504
	-66.2842974	-22.0684576
	-66.284469	-22.0680164
	-66.2848102	-22.0677399
	-66.285279	-22.0675969
	-66.2858133	-22.0676505
	-66.2863712	-22.0679965
	-66.286986	-22.0681805
	-66.2875568	-22.0681812
	-66.2889129	-22.0677377
	-66.2897862	-22.0673055
	-66.2904729	-22.066686
	-66.2912647	-22.0658727
	-66.2923805	-22.0648267
	-66.2928976	-22.0640133
	-66.2930113	-22.0632437
	-66.2929663	-22.0624122
	-66.2924856	-22.0615949
	-66.2918505	-22.0609804
	-66.290739	-22.0603599
	-66.2896189	-22.0593895
	-66.2888979	-22.058413
	-66.2879913	-22.0567954
	-66.2867865	-22.0550938
	-66.2841257	-22.05223
	-66.2837073	-22.0514338
	-66.2836107	-22.0507981
	-66.283762	-22.0500069
	-66.2842502	-22.0493701
	-66.2848684	-22.0492387
	-66.2856438	-22.0491376
	-66.2866298	-22.0492919
	-66.2875589	-22.049923
	-66.2893614	-22.0517527
	-66.290224	-22.0522373
	-66.2910308	-22.0522233
	-66.2916015	-22.0519668
	-66.2918537	-22.05139
	-66.2919255	-22.0505737
	-66.291652	-22.0497591
	-66.2903913	-22.0477751
	-66.2870439	-22.0445968
	-66.2860409	-22.0433978
	-66.2857189	-22.0416634
	-66.2864785	-22.0403149
	-66.2873699	-22.04007
	-66.2906285	-22.0391613
	-66.2919331	-22.0376059
	-66.2920662	-22.0358994
	-66.2918601	-22.0333176
	-66.2908603	-22.0319173
	-66.290426	-22.031767
	-66.2890105	-22.0312529
	-66.286646	-22.0310262
	-66.2845646	-22.0303061
	-66.2840323	-22.0286234
	-66.2836677	-22.0274816
	-66.2824616	-22.0266223
	-66.2810927	-22.0263995
	-66.2791873	-22.0256834
	-66.277977	-22.0243984
	-66.2775093	-22.0230577
	-66.2778912	-22.0216175
	-66.279698	-22.0203683
	-66.2803373	-22.0193219
	-66.2807365	-22.0166762
	-66.2808181	-22.0135013
	-66.2803451	-22.0052871
	-66.2796327	-21.9959841
	-66.279846	-21.993334
	-66.2808845	-21.9913583
	-66.2836268	-21.9892413
	-66.2838671	-21.987166
	-66.2834612	-21.9845769
	-66.2825767	-21.9822076
	-66.2812386	-21.9809919
	-66.2797558	-21.9802636
	-66.2771959	-21.9793364
	-66.276314	-21.9783156
	-66.2758974	-21.9768913
	-66.2772138	-21.9740786
	-66.2767503	-21.9707604
	-66.2757761	-21.968666
	-66.2747487	-21.9673809
	-66.2736604	-21.9675805
	-66.2726497	-21.967478
	-66.2720393	-21.9669228
	-66.2723118	-21.9660502
	-66.2729856	-21.9657019
	-66.273595	-21.9653537
	-66.2740295	-21.9644303
	-66.2745487	-21.9618244
	-66.2750214	-21.9598822
	-66.2748798	-21.9594116
	-66.2745821	-21.9589807
	-66.2742326	-21.9585688
	-66.2739115	-21.9578941
	-66.2738728	-21.9562601
	-66.2735676	-21.9559562
	-66.2728225	-21.9558252
	-66.2727098	-21.9553426
	-66.2729341	-21.9545495
	-66.2731775	-21.9539176
	-66.2742644	-21.9527673
	-66.2748481	-21.9516916
	-66.2750262	-21.9508548
	-66.2749865	-21.9505443
	-66.2746764	-21.9502915
	-66.274274	-21.9502358
	-66.2739029	-21.9500995
	-66.2735821	-21.9498009
	-66.273007	-21.9490009
	-66.2724888	-21.9479968
	-66.2724083	-21.9471868
	-66.272816	-21.9465081
	-66.2742347	-21.945324
	-66.2745806	-21.9450805
	-66.2746999	-21.9449501
	-66.2747599	-21.9448031
	-66.2747667	-21.9446431
	-66.2747226	-21.9444749
	-66.2746085	-21.9443279
	-66.2744738	-21.9442072
	-66.2741674	-21.9440353
	-66.2730715	-21.9437273
	-66.2722258	-21.9435173
	-66.2715102	-21.9432372
	-66.2709353	-21.9429534
	-66.2684747	-21.9410611
	-66.2680397	-21.940351
	-66.2678072	-21.9396002
	-66.2676823	-21.9385977
	-66.267696	-21.937393
	-66.2676253	-21.9368903
	-66.2674747	-21.9365286
	-66.2673123	-21.9363063
	-66.2670077	-21.9359831
	-66.2668598	-21.9358387
	-66.2666426	-21.9357269
	-66.2663655	-21.9357063
	-66.2660473	-21.9357773
	-66.2644455	-21.9367625
	-66.2639456	-21.9369783
	-66.2633983	-21.9370769
	-66.2628318	-21.9370103
	-66.2624371	-21.9368568
	-66.2621399	-21.9363961
	-66.2619918	-21.9359612
	-66.2618684	-21.935376
	-66.2618834	-21.932248
	-66.2619306	-21.9298126
	-66.2618469	-21.9272966
	-66.2615198	-21.9251916
	-66.2603732	-21.9200037
	-66.2601829	-21.9185864
	-66.2599833	-21.9164896
	-66.2600156	-21.9137653
	-66.2605048	-21.9095339
	-66.2605563	-21.9081682
	-66.2604448	-21.9069996
	-66.2602463	-21.906144
	-66.2599076	-21.9052482
	-66.25961	-21.9046833
	-66.2592314	-21.9042841
	-66.2587216	-21.9040353
	-66.2578892	-21.9039915
	-66.2562852	-21.904189
	-66.2545233	-21.9041956
	-66.2536033	-21.9039442
	-66.252822	-21.9034922
	-66.2521309	-21.902571
	-66.2516203	-21.9014491
	-66.2512148	-21.900247
	-66.2505924	-21.897746
	-66.2502063	-21.8954803
	-66.2499434	-21.8931289
	-66.249761	-21.8915241
	-66.2494659	-21.8899392
	-66.2488774	-21.8873715
	-66.2483098	-21.8853316
	-66.2461535	-21.877813
	-66.2428634	-21.8692451
	-66.2404587	-21.861014
	-66.239878	-21.8597055
	-66.2388172	-21.8580712
	-66.2377317	-21.8564119
	-66.2363597	-21.8535723
	-66.2359827	-21.8527838
	-66.2359448	-21.8525066
	-66.2359185	-21.8515202
	-66.2360669	-21.850114
	-66.236345	-21.8482162
	-66.2370209	-21.8454497
	-66.2379548	-21.8430541
	-66.2391023	-21.8407981
	-66.2401864	-21.8386105
	-66.2407293	-21.8364116
	-66.2412378	-21.8340342
	-66.2414154	-21.8333527
	-66.2414165	-21.8326237
	-66.2413231	-21.8312453
	-66.2410217	-21.8302076
	-66.2406065	-21.829109
	-66.2398179	-21.8276041
	-66.2390004	-21.8259628
	-66.2386774	-21.8242726
	-66.238509	-21.8228633
	-66.2382343	-21.8214858
	-66.2379548	-21.8199911
	-66.2374715	-21.8180426
	-66.2373288	-21.8160156
	-66.2372988	-21.8148224
	-66.2375034	-21.8137575
	-66.2378427	-21.812384
	-66.238318	-21.8113132
	-66.2384199	-21.8102295
	-66.2385079	-21.8091612
	-66.238878	-21.8078229
	-66.2392815	-21.8068417
	-66.2397177	-21.8057539
	-66.2402887	-21.8045994
	-66.2413509	-21.8033563
	-66.2420633	-21.8015194
	-66.2421825	-21.798793
	-66.2421911	-21.7976992
	-66.2422952	-21.7968992
	-66.2425606	-21.7958995
	-66.2426707	-21.7950413
	-66.2427651	-21.794079
	-66.2427297	-21.7935122
	-66.2426042	-21.7930739
	-66.2422641	-21.7925757
	-66.2418124	-21.7917439
	-66.2416906	-21.7908913
	-66.2416525	-21.7903831
	-66.2415077	-21.7898431
	-66.2412169	-21.7892613
	-66.2408167	-21.7888798
	-66.240477	-21.7886829
	-66.2399263	-21.7884992
	-66.2390413	-21.7882256
	-66.2385588	-21.7880861
	-66.238038	-21.7878357
	-66.2373031	-21.7876574
	-66.2361765	-21.7876564
	-66.2354834	-21.7876972
	-66.2347399	-21.7878975
	-66.2341831	-21.7881665
	-66.2335576	-21.7883219
	-66.2327374	-21.7883843
	-66.2319446	-21.7886078
	-66.2313541	-21.7887176
	-66.2310219	-21.7891142
	-66.2302943	-21.7891215
	-66.2295256	-21.7889534
	-66.2290369	-21.7888718
	-66.2283093	-21.788534
	-66.2277967	-21.7884895
	-66.2269206	-21.7886964
	-66.2257581	-21.7885026
	-66.2251775	-21.788299
	-66.2249653	-21.7879637
	-66.2246114	-21.7870829
	-66.2244698	-21.7863073
	-66.2246114	-21.7856895
	-66.2243141	-21.7848219
	-66.224181	-21.7844216
	-66.2241573	-21.7839662
	-66.224094	-21.7836725
	-66.2236629	-21.7831786
	-66.2234222	-21.7826002
	-66.2227427	-21.7819955
	-66.2213094	-21.7815731
	-66.2206616	-21.7816274
	-66.2204115	-21.7815842
	-66.2200529	-21.7815222
	-66.2198252	-21.7812195
	-66.2196006	-21.781168
	-66.1930133	-21.7979456
	-66.1237493	-21.8217029
	-66.0758854	-21.8349292
	-66.0433551	-21.8719307
	-66.0476934	-21.9188572
	-65.9239834	-21.9316148
	-65.8087021	-22.071914
	-65.8035995	-22.0780085
	-65.8026617	-22.0765789
	-65.8008143	-22.0759048
	-65.7995203	-22.0754753
	-65.7983444	-22.0751094
	-65.7970784	-22.074664
	-65.7959175	-22.074664
	-65.7944176	-22.0752207
	-65.7928727	-22.0764138
	-65.7914994	-22.0777262
	-65.7900832	-22.0795158
	-65.7890532	-22.0809474
	-65.788667	-22.0816632
	-65.7881949	-22.0819018
	-65.7877636	-22.081862
	-65.7874224	-22.081703
	-65.7869482	-22.0815837
	-65.7862208	-22.0816632
	-65.7856607	-22.0819814
	-65.7851887	-22.082896
	-65.7844183	-22.0848446
	-65.7832596	-22.0861171
	-65.7818863	-22.0873101
	-65.7797406	-22.0879463
	-65.7783673	-22.0888609
	-65.7767794	-22.0909685
	-65.7753203	-22.0928772
	-65.7740757	-22.0941496
	-65.7725737	-22.0953426
	-65.7703421	-22.0964162
	-65.7681084	-22.0979272
	-65.7664776	-22.0991996
	-65.7630465	-22.1003527
	-65.7610724	-22.1013467
	-65.7589266	-22.1017841
	-65.757725	-22.1016251
	-65.7563946	-22.1018636
	-65.755708	-22.1025793
	-65.7550213	-22.1036529
	-65.7545696	-22.1044481
	-65.753839	-22.104965
	-65.7533251	-22.1056211
	-65.7527887	-22.106297
	-65.7522297	-22.1067344
	-65.7512641	-22.1071121
	-65.7504712	-22.1072314
	-65.7497631	-22.1075097
	-65.7491838	-22.1080663
	-65.7484113	-22.1087423
	-65.7476388	-22.10912
	-65.7463775	-22.1092752
	-65.7457505	-22.1093412
	-65.7457107	-22.109333
	-65.7421701	-22.1085987
	-65.7389362	-22.1083347
	-65.7336728	-22.1093082
	-65.7317588	-22.1092092
	-65.724862	-22.1063878
	-65.7238555	-22.1051173
	-65.7207206	-22.1023454
	-65.7183117	-22.1016359
	-65.7178827	-22.1003489
	-65.7165627	-22.097841
	-65.7141373	-22.097577
	-65.7115303	-22.099062
	-65.7076364	-22.0992929
	-65.7043695	-22.099029
	-65.6986606	-22.1013554
	-65.6942717	-22.1024114
	-65.6919123	-22.1036323
	-65.6896683	-22.1074273
	-65.685428	-22.1094773
	-65.6785641	-22.1113088
	-65.6736307	-22.1111438
	-65.6672289	-22.1106653
	-65.6630495	-22.1107621
	-65.6597407	-22.1102392
	-65.6582133	-22.1101648
	-65.6569297	-22.1105315
	-65.6556809	-22.1107004
	-65.6545823	-22.1103427
	-65.6538785	-22.1094818
	-65.6533055	-22.1086131
	-65.6530459	-22.1077026
	-65.6525609	-22.1065774
	-65.6515803	-22.1057622
	-65.6505226	-22.105446
	-65.6487522	-22.105472
	-65.6470829	-22.1061444
	-65.6459026	-22.106476
	-65.6442332	-22.1063964
	-65.6422485	-22.1058969
	-65.6413729	-22.1061997
	-65.6402685	-22.1069199
	-65.6397336	-22.1069591
	-65.6391136	-22.1068209
	-65.6377444	-22.1062414
	-65.6358004	-22.1047463
	-65.6339486	-22.1037066
	-65.6329679	-22.1034224
	-65.6322002	-22.103455
	-65.6309295	-22.1040168
	-65.6298051	-22.1042632
	-65.6288159	-22.104156
	-65.6277453	-22.10362
	-65.626595	-22.1031202
	-65.6257732	-22.1024025
	-65.6245444	-22.101277
	-65.6219022	-22.0988139
	-65.619632	-22.0968338
	-65.6185716	-22.0965416
	-65.6178993	-22.096632
	-65.6164745	-22.0971052
	-65.6156699	-22.0975937
	-65.6149753	-22.0979137
	-65.6142891	-22.0979192
	-65.613824	-22.0976141
	-65.6135011	-22.0969828
	-65.6132736	-22.096469
	-65.6130087	-22.0960384
	-65.6126653	-22.0956597
	-65.6123895	-22.095449
	-65.6120157	-22.0953669
	-65.6116358	-22.0954326
	-65.6112502	-22.0955737
	-65.610776	-22.0957337
	-65.6102567	-22.0957904
	-65.6094553	-22.095689
	-65.6085143	-22.0953923
	-65.6079682	-22.0950813
	-65.6075203	-22.0948356
	-65.6071551	-22.0946452
	-65.6067934	-22.0945314
	-65.6064507	-22.0945299
	-65.6061181	-22.0946601
	-65.6055704	-22.0950304
	-65.6051551	-22.0953685
	-65.6048741	-22.0956984
	-65.6046313	-22.0960687
	-65.604425	-22.0964431
	-65.6041539	-22.0967433
	-65.6038242	-22.096966
	-65.6035237	-22.09712
	-65.6029549	-22.0976272
	-65.6027632	-22.097675
	-65.6025904	-22.0976682
	-65.6024369	-22.0975755
	-65.6023987	-22.0974518
	-65.6024035	-22.0973331
	-65.6023531	-22.0971987
	-65.6022411	-22.0971538
	-65.6020669	-22.0972233
	-65.6018631	-22.0972554
	-65.6016494	-22.0971677
	-65.6011135	-22.0966816
	-65.600804	-22.0963551
	-65.6007122	-22.0962643
	-65.6006017	-22.0962556
	-65.6004607	-22.0964465
	-65.6003636	-22.0965281
	-65.6002661	-22.0965294
	-65.6001096	-22.0964737
	-65.5999993	-22.0963764
	-65.5997901	-22.0963217
	-65.5996635	-22.0963339
	-65.5996308	-22.0963859
	-65.5996013	-22.0966055
	-65.5995373	-22.096706
	-65.599409	-22.0967567
	-65.5985499	-22.0969192
	-65.5975032	-22.0971663
	-65.5973355	-22.0971923
	-65.5971838	-22.0971837
	-65.5971193	-22.0971246
	-65.5970815	-22.097001
	-65.5969643	-22.0965378
	-65.5969389	-22.096439
	-65.5968761	-22.09638
	-65.596808	-22.0963476
	-65.5967346	-22.096355
	-65.5964651	-22.0964792
	-65.5959958	-22.0965822
	-65.5956718	-22.0966523
	-65.5952963	-22.096651
	-65.5947365	-22.0965199
	-65.5942157	-22.0963278
	-65.5937509	-22.0960578
	-65.5935256	-22.0959487
	-65.5933597	-22.0958684
	-65.5928888	-22.0958203
	-65.5927472	-22.0958441
	-65.5926404	-22.0958928
	-65.5925863	-22.0959755
	-65.592575	-22.0960584
	-65.5926072	-22.0962859
	-65.5927709	-22.0968277
	-65.5928529	-22.0971369
	-65.5928476	-22.0974475
	-65.5927391	-22.097616
	-65.5926232	-22.0976853
	-65.5923464	-22.0976577
	-65.5917977	-22.0974848
	-65.5913218	-22.0973824
	-65.5911469	-22.0973376
	-65.5910334	-22.097407
	-65.5910379	-22.0976081
	-65.5912196	-22.0983959
	-65.5912887	-22.0985574
	-65.5913287	-22.0987311
	-65.5912749	-22.0988477
	-65.5911299	-22.0988827
	-65.5909448	-22.0988731
	-65.5905481	-22.0988542
	-65.5898725	-22.0987259
	-65.5892046	-22.0986435
	-65.5889494	-22.0985885
	-65.5888633	-22.0985012
	-65.5887716	-22.0980658
	-65.588726	-22.0977752
	-65.5886209	-22.097541
	-65.5885197	-22.0974878
	-65.5883301	-22.0975092
	-65.5881906	-22.0975778
	-65.5880384	-22.0976826
	-65.5879479	-22.0977226
	-65.5877985	-22.0977005
	-65.5874777	-22.0976504
	-65.5872556	-22.0976204
	-65.5871228	-22.0976352
	-65.5869854	-22.0977101
	-65.5867315	-22.0978589
	-65.5865617	-22.0978992
	-65.5863221	-22.097845
	-65.586085	-22.0977124
	-65.5859292	-22.0975889
	-65.5857758	-22.0974435
	-65.5855724	-22.0972519
	-65.5853678	-22.0971222
	-65.5849692	-22.096928
	-65.5848257	-22.0968175
	-65.5847621	-22.0967057
	-65.5847726	-22.0966007
	-65.584845	-22.0965185
	-65.5850076	-22.0964192
	-65.5852216	-22.09636
	-65.5854724	-22.0962762
	-65.5856285	-22.0961997
	-65.5857079	-22.0960977
	-65.5856923	-22.0959509
	-65.5856234	-22.0957523
	-65.5854831	-22.0954949
	-65.5854051	-22.095268
	-65.5853399	-22.0950629
	-65.5852608	-22.0948924
	-65.5851701	-22.0948255
	-65.5850668	-22.0948206
	-65.584999	-22.0948734
	-65.584929	-22.0950003
	-65.5848485	-22.0951365
	-65.5847147	-22.0952531
	-65.5845427	-22.0953143
	-65.5843338	-22.0953194
	-65.584061	-22.095258
	-65.5838767	-22.0951576
	-65.5837357	-22.0950097
	-65.5835399	-22.0947682
	-65.5833569	-22.0946335
	-65.583129	-22.0945264
	-65.5827942	-22.0944085
	-65.5825719	-22.0942975
	-65.5823989	-22.0941123
	-65.5822706	-22.0938157
	-65.5822116	-22.0935278
	-65.5821915	-22.0932584
	-65.5822197	-22.0930635
	-65.5822908	-22.0929776
	-65.582375	-22.0929592
	-65.5824812	-22.0929348
	-65.5825808	-22.0928823
	-65.5826974	-22.0928001
	-65.5828092	-22.0926895
	-65.5828794	-22.0925412
	-65.5828969	-22.0924216
	-65.5828385	-22.0923086
	-65.5827157	-22.0922322
	-65.5825956	-22.0921369
	-65.5824546	-22.0919489
	-65.5823765	-22.0917467
	-65.5823691	-22.0914869
	-65.5824726	-22.0912316
	-65.5826791	-22.0910274
	-65.5829704	-22.090797
	-65.5833596	-22.090556
	-65.5835364	-22.0904828
	-65.5836581	-22.0904607
	-65.5837788	-22.0905077
	-65.5838078	-22.0906125
	-65.5837654	-22.0907562
	-65.5836321	-22.0909475
	-65.5835809	-22.091087
	-65.583605	-22.0912446
	-65.5837048	-22.0913775
	-65.5839881	-22.0915512
	-65.5842563	-22.0916405
	-65.5844789	-22.0916625
	-65.5846272	-22.0916248
	-65.5847082	-22.091503
	-65.5847699	-22.091263
	-65.584881	-22.0911022
	-65.5849655	-22.0909448
	-65.584959	-22.0908558
	-65.5848984	-22.0907465
	-65.5848316	-22.0906228
	-65.5848423	-22.0905412
	-65.5848877	-22.0904191
	-65.5848938	-22.0902815
	-65.5848625	-22.0900879
	-65.5847871	-22.0898815
	-65.5847267	-22.0897684
	-65.5846043	-22.0896436
	-65.5844271	-22.0895336
	-65.5843417	-22.0895111
	-65.5842517	-22.0895287
	-65.5839478	-22.0896922
	-65.5837861	-22.0897599
	-65.5836437	-22.0898038
	-65.5835051	-22.0898206
	-65.5833178	-22.0897892
	-65.5831445	-22.0897181
	-65.5830611	-22.0896302
	-65.5830245	-22.0895282
	-65.5830217	-22.0894266
	-65.583085	-22.089299
	-65.5832067	-22.0891841
	-65.5833063	-22.089126
	-65.5834182	-22.0890968
	-65.5835079	-22.0890968
	-65.5835932	-22.0891404
	-65.5836575	-22.0892155
	-65.583707	-22.0892728
	-65.5837621	-22.0893168
	-65.58384	-22.0893284
	-65.5839714	-22.0893023
	-65.5841155	-22.08922
	-65.5842209	-22.0891377
	-65.5842769	-22.0890415
	-65.5842921	-22.0889548
	-65.5842756	-22.0888172
	-65.5842088	-22.0886733
	-65.5840754	-22.0885572
	-65.583966	-22.0885017
	-65.5838507	-22.0884815
	-65.5837249	-22.0884995
	-65.5835396	-22.0885767
	-65.583303	-22.088724
	-65.5830871	-22.0888417
	-65.5829384	-22.0888877
	-65.5828202	-22.0888882
	-65.5826647	-22.0888624
	-65.581748	-22.0885906
	-65.5815883	-22.088467
	-65.5814955	-22.0883111
	-65.5814869	-22.0881701
	-65.5815411	-22.0880566
	-65.5818455	-22.0875456
	-65.5820748	-22.0872523
	-65.5825179	-22.0868391
	-65.5830078	-22.0862887
	-65.5832263	-22.0859748
	-65.5833446	-22.085612
	-65.5833733	-22.0852492
	-65.5833361	-22.0848331
	-65.5832754	-22.0846614
	-65.5831721	-22.0845338
	-65.5829798	-22.0844978
	-65.582622	-22.0845682
	-65.5821768	-22.0847717
	-65.5819831	-22.0848808
	-65.5818393	-22.0849237
	-65.5817017	-22.0848637
	-65.5815706	-22.0847066
	-65.5815196	-22.0844863
	-65.5815381	-22.0842348
	-65.5815974	-22.084027
	-65.5816253	-22.0837941
	-65.5815746	-22.0835334
	-65.5814507	-22.0832645
	-65.5812629	-22.0829794
	-65.5807311	-22.0823615
	-65.5804787	-22.0819898
	-65.5803659	-22.0817227
	-65.5802899	-22.0814727
	-65.5803271	-22.0813094
	-65.5804304	-22.0812122
	-65.5806455	-22.0810927
	-65.5808259	-22.0809777
	-65.5809252	-22.0808762
	-65.5809772	-22.0807302
	-65.58094	-22.0805918
	-65.5808308	-22.0805528
	-65.580551	-22.0805815
	-65.5803118	-22.0805854
	-65.5801332	-22.0806224
	-65.5799812	-22.0807494
	-65.5798194	-22.0808111
	-65.5795391	-22.0807924
	-65.5793189	-22.0807537
	-65.5791254	-22.0807003
	-65.579038	-22.0805911
	-65.5790219	-22.080432
	-65.5790952	-22.0802791
	-65.5792463	-22.0801087
	-65.5794408	-22.0799741
	-65.5796935	-22.0797867
	-65.5797786	-22.0796322
	-65.5797885	-22.0794634
	-65.5797149	-22.0792788
	-65.5791683	-22.0785568
	-65.5789547	-22.0783814
	-65.5788457	-22.0783524
	-65.5787193	-22.0783814
	-65.5783899	-22.078588
	-65.5782154	-22.0786221
	-65.5780824	-22.0785652
	-65.5779667	-22.0784534
	-65.5779184	-22.0783317
	-65.5779548	-22.0782152
	-65.5779402	-22.0781386
	-65.5778792	-22.0780582
	-65.5778472	-22.0779482
	-65.5779608	-22.0776735
	-65.5779495	-22.0774607
	-65.5778683	-22.0772934
	-65.5777254	-22.0772458
	-65.5774295	-22.0772804
	-65.5772205	-22.0772624
	-65.5770425	-22.0771959
	-65.5768867	-22.0770501
	-65.5764934	-22.076586
	-65.5763735	-22.0764756
	-65.5761605	-22.0764317
	-65.5752355	-22.0763272
	-65.5748597	-22.0762447
	-65.5745936	-22.0762017
	-65.5743954	-22.0761925
	-65.5742897	-22.0762161
	-65.5742572	-22.0762606
	-65.5742529	-22.0763323
	-65.5741273	-22.0763422
	-65.574052	-22.0763442
	-65.5739865	-22.0763233
	-65.5738928	-22.0762573
	-65.5738925	-22.0762477
	-65.4848215	-22.0954891
	-65.4843915	-22.0953859
	-65.4839373	-22.0954641
	-65.4837258	-22.0955795
	-65.4836822	-22.0955594
	-65.4835795	-22.0956125
	-65.4834787	-22.0956143
	-65.4833976	-22.0956619
	-65.4828568	-22.0949494
	-65.4824983	-22.0946777
	-65.4818653	-22.0943007
	-65.481506	-22.0943752
	-65.4803954	-22.0941367
	-65.477974	-22.0930852
	-65.4765095	-22.0925444
	-65.476194	-22.0905989
	-65.4750085	-22.0894468
	-65.473844	-22.0888532
	-65.473222	-22.0886501
	-65.4728512	-22.0887114
	-65.4723689	-22.0889146
	-65.4709892	-22.0891053
	-65.1942548	-22.0847882
	-65.1871551	-22.0847882
	-65.1888452	-22.0951831
	-65.1891404	-22.0957388
	-65.1900153	-22.097133
	-65.1930215	-22.1017537
	-65.1957366	-22.108766
	-65.1951243	-22.1128388
	-65.1928841	-22.1187628
	-65.1924292	-22.1268889
	-65.1914774	-22.1336503
	-65.1942754	-22.1417954
	-65.1930072	-22.1467332
	-65.1941286	-22.1479797
	-65.1959019	-22.1489662
	-65.1983223	-22.1493437
	-65.2016818	-22.1495075
	-65.2071234	-22.1479043
	-65.2101704	-22.1477552
	-65.2128247	-22.148419
	-65.2146688	-22.1496022
	-65.2158266	-22.1559067
	-65.2179209	-22.1659862
	-65.220822	-22.1778134
	-65.2217919	-22.1884395
	-65.2229849	-22.1974835
	-65.2238433	-22.2060024
	-65.2256929	-22.2170872
	-65.2273805	-22.2211496
	-65.2299114	-22.2247149
	-65.2304951	-22.2399297
	-65.2309157	-22.2514965
	-65.2324435	-22.256787
	-65.2348982	-22.2654452
	-65.2356965	-22.2696153
	-65.235678	-22.2736016
	-65.2383343	-22.2768968
	-65.2403657	-22.2794165
	-65.2372071	-22.2872474
	-65.238102	-22.2913409
	-65.2380824	-22.2921568
	-65.2379624	-22.2971664
	-65.234306	-22.3047501
	-65.2328469	-22.3109042
	-65.2285811	-22.3158987
	-65.2264954	-22.319964
	-65.2287784	-22.3226
	-65.2323834	-22.3246168
	-65.2367264	-22.32603
	-65.2405336	-22.3263427
	-65.2430049	-22.3314713
	-65.2462127	-22.3340514
	-65.2541306	-22.335808
	-65.2632095	-22.3389631
	-65.2643468	-22.3441114
	-65.2652611	-22.3473767
	-65.2652394	-22.3514584
	-65.2681491	-22.3576898
	-65.2718102	-22.3639193
	-65.2731444	-22.3699136
	-65.2760882	-22.3739541
	-65.2781976	-22.3770435
	-65.2801481	-22.3808214
	-65.2837852	-22.3898965
	-65.2844096	-22.3932355
	-65.284341	-22.3949933
	-65.2841649	-22.3959912
	-65.2838582	-22.3970232
	-65.2839417	-22.4052003
	-65.2823796	-22.4098066
	-65.2819161	-22.4133137
	-65.2941213	-22.4215827
	-65.2976748	-22.4277237
	-65.2961556	-22.4323174
	-65.2970052	-22.4399809
	-65.3011939	-22.4494688
	-65.3033568	-22.4532526
	-65.3042924	-22.4578691
	-65.306094	-22.4667408
	-65.3123347	-22.4785784
	-65.3152014	-22.4818935
	-65.3215569	-22.488448
	-65.3240163	-22.4928613
	-65.3307066	-22.5015107
	-65.332198	-22.5033707
	-65.3359124	-22.5073806
	-65.3404726	-22.5144412
	-65.3408133	-22.5149687
	-65.3477141	-22.5255058
	-65.349568	-22.5384124
	-65.3502773	-22.540006
	-65.3479518	-22.5426557
	-65.3477779	-22.5444221
	-65.3485169	-22.5486774
	-65.3491504	-22.5504462
	-65.3487342	-22.5511262
	-65.3477356	-22.5634016
	-65.3492548	-22.5727937
	-65.3446245	-22.586002
	-65.3506486	-22.6021837
	-65.3448602	-22.6067252
	-65.3364706	-22.6089645
	-65.3000995	-22.6283485
	-65.2931347	-22.6333797
	-65.2860404	-22.6418461
	-65.2759725	-22.6472168
	-65.2735004	-22.6475622
	-65.2713182	-22.6495674
	-65.2717024	-22.6521359
	-65.2722474	-22.6574071
	-65.2735177	-22.661411
	-65.2744065	-22.6639383
	-65.2754085	-22.6681394
	-65.2843324	-22.6762294
	-65.2916881	-22.691446
	-65.2928966	-22.6973913
	-65.3019877	-22.7139174
	-65.3047342	-22.7233705
	-65.3034983	-22.7328546
	-65.3008798	-22.7339072
	-65.2965202	-22.7404065
	-65.2999536	-22.7480767
	-65.3010222	-22.7520779
	-65.3017173	-22.7568626
	-65.3020178	-22.7614333
	-65.3009233	-22.766095
	-65.2850705	-22.7764308
	-65.2743074	-22.7898756
	-65.276895	-22.8229954
	-65.2782084	-22.8287111
	-65.2786222	-22.8492084
	-65.2782941	-22.8520972
	-65.2772428	-22.8554349
	-65.2763929	-22.8592352
	-65.2760324	-22.8636603
	-65.2758093	-22.8669977
	-65.2760968	-22.8696747
	-65.2765261	-22.8718653
	-65.2775946	-22.8754003
	-65.2781482	-22.8783894
	-65.2777405	-22.8822801
	-65.2764936	-22.8869442
	-65.2738453	-22.8939896
	-65.2734411	-22.8950652
	-65.2361941	-22.9128317
	-65.2200023	-22.938958
	-65.1970638	-22.9526666
	-65.1887225	-22.952611
	-65.1836551	-22.9532151
	-65.1781987	-22.9559103
	-65.1772704	-22.9689508
	-65.1757547	-22.9702511
	-65.1674644	-22.9720412
	-65.1521855	-22.9804531
	-65.1457855	-22.9850356
	-65.1422825	-23.0015615
	-65.1350266	-23.0019743
	-65.1311717	-23.0045045
	-65.1287642	-23.0086878
	-65.1218548	-23.0156872
	-65.1056671	-23.0248191
	-65.0899426	-23.0275453
	-65.0682235	-23.0413368
	-65.0665299	-23.0497518
	-65.0703952	-23.0568247
	-65.067949	-23.0597151
	-65.0625073	-23.0659775
	-65.0615116	-23.072121
	-65.0623013	-23.0780118
	-65.0663095	-23.0833415
	-65.0670993	-23.0906293
	-65.0637519	-23.0974271
	-65.0657251	-23.1064624
	-65.0649792	-23.114132
	-65.0625501	-23.1188761
	-65.0627906	-23.1223179
	-65.0669533	-23.124678
	-65.0710259	-23.1289877
	-65.0710518	-23.1324489
	-65.0706525	-23.1381592
	-65.0572201	-23.1446233
	-65.050285	-23.149035
	-65.0462244	-23.1532924
	-65.0457703	-23.1621587
	-65.0496585	-23.1703101
	-65.0642006	-23.1964554
	-65.0661105	-23.1980297
	-65.06757	-23.1994002
	-65.0695496	-23.199832
	-65.0723344	-23.2012197
	-65.0728712	-23.2033784
	-65.0722748	-23.2060987
	-65.074	-23.2139468
	-65.0729272	-23.2208487
	-65.0759656	-23.2273244
	-65.0771413	-23.2320094
	-65.0655242	-23.2337433
	-65.0479202	-23.2301073
	-65.0457058	-23.2268262
	-65.0422297	-23.2253354
	-65.0383844	-23.2271811
	-65.0371228	-23.2325445
	-65.0355477	-23.2331162
	-65.0346723	-23.2343703
	-65.0347282	-23.253897
	-65.0310159	-23.2565032
	-65.0301822	-23.257495
	-65.0293088	-23.2604702
	-65.0308272	-23.2651143
	-65.0293214	-23.2690268
	-65.0269989	-23.2725662
	-65.021934	-23.2788692
	-65.0064421	-23.2820524
	-64.9905661	-23.2805875
	-64.9846544	-23.2823421
	-64.9758147	-23.2836139
	-64.9573517	-23.28194
	-64.954133	-23.2725891
	-64.9468062	-23.2696534
	-64.9292195	-23.3006452
	-64.9103025	-23.3142192
	-64.9097189	-23.3175928
	-64.8994792	-23.3343411
	-64.9010242	-23.3418436
	-64.9038995	-23.3489439
	-64.903127	-23.3557601
	-64.8981918	-23.3573124
	-64.89269	-23.3585258
	-64.8949756	-23.3671712
	-64.8997282	-23.3698641
	-64.9015907	-23.3754974
	-64.8988269	-23.3904423
	-64.9059766	-23.3986822
	-64.9099935	-23.4010374
	-64.9037536	-23.4113402
	-64.9068436	-23.4230521
	-64.9001744	-23.4304945
	-64.8971618	-23.437588
	-64.8946439	-23.4394259
	-64.8908139	-23.4409373
	-64.8869427	-23.4419575
	-64.8830303	-23.441693
	-64.8745335	-23.4441971
	-64.8685339	-23.4461136
	-64.8674096	-23.4477614
	-64.8740476	-23.4729435
	-64.8716928	-23.4780791
	-64.8638307	-23.4839596
	-64.8583492	-23.4855709
	-64.8528786	-23.4902099
	-64.8499822	-23.4903234
	-64.8465848	-23.4903991
	-64.8450767	-23.4870927
	-64.8394118	-23.485723
	-64.8353037	-23.4876492
	-64.8292955	-23.4887512
	-64.8253473	-23.4887512
	-64.8220858	-23.487964
	-64.8174509	-23.4892235
	-64.8147043	-23.4911128
	-64.8116059	-23.49221
	-64.8088594	-23.4926823
	-64.8057952	-23.4947368
	-64.8021903	-23.4953665
	-64.7994438	-23.494422
	-64.7968431	-23.4939418
	-64.7939506	-23.4939497
	-64.7910066	-23.4945715
	-64.788775	-23.4953587
	-64.7853675	-23.4941071
	-64.7831359	-23.4933199
	-64.7788187	-23.4893762
	-64.7764407	-23.4875259
	-64.7735368	-23.4865711
	-64.7729295	-23.4847941
	-64.7720541	-23.4843553
	-64.770404	-23.4843433
	-64.7690908	-23.4818439
	-64.7679213	-23.4805844
	-64.7666307	-23.480402
	-64.7616525	-23.4763083
	-64.7602416	-23.4756463
	-64.7591258	-23.4762368
	-64.7579692	-23.4762742
	-64.7567655	-23.4754889
	-64.7560381	-23.4757624
	-64.7551776	-23.4765517
	-64.7532464	-23.4768666
	-64.7511865	-23.4759612
	-64.7504161	-23.4761954
	-64.749987	-23.4764316
	-64.7505127	-23.4781459
	-64.7500964	-23.4798857
	-64.7486545	-23.4796948
	-64.7462512	-23.4784214
	-64.7437557	-23.4786162
	-64.7411185	-23.4781282
	-64.7399856	-23.4767485
	-64.7392131	-23.474741
	-64.7390306	-23.473255
	-64.7382239	-23.4719392
	-64.7390922	-23.4711775
	-64.7391878	-23.4704628
	-64.7391878	-23.469002
	-64.7384801	-23.4671084
	-64.7373594	-23.4677035
	-64.7356489	-23.4684069
	-64.7350591	-23.4694889
	-64.7337615	-23.4694348
	-64.7337615	-23.4680281
	-64.7327588	-23.4682446
	-64.7306944	-23.4667838
	-64.7302815	-23.4647819
	-64.7284531	-23.4638621
	-64.7269195	-23.4635375
	-64.7259168	-23.4620766
	-64.7247961	-23.4627259
	-64.7250321	-23.4641326
	-64.7236165	-23.4644573
	-64.7233806	-23.4635916
	-64.7227907	-23.4629423
	-64.7209033	-23.4629423
	-64.7196057	-23.4624554
	-64.7189569	-23.4611568
	-64.717755	-23.4619679
	-64.7171365	-23.4615464
	-64.7162352	-23.4615383
	-64.7156078	-23.461895
	-64.7152367	-23.4613357
	-64.714954	-23.4607602
	-64.7148871	-23.4599665
	-64.7134872	-23.4601036
	-64.7130012	-23.4599415
	-64.7126301	-23.4602009
	-64.7134076	-23.4611411
	-64.7137699	-23.4623327
	-64.7133261	-23.4630434
	-64.7128572	-23.4629717
	-64.7123719	-23.4626938
	-64.7119192	-23.4623084
	-64.711938	-23.4619143
	-64.7118171	-23.4613276
	-64.7115344	-23.4609952
	-64.7111279	-23.4609304
	-64.7103415	-23.4613438
	-64.7092838	-23.4606158
	-64.7077502	-23.4615356
	-64.7063034	-23.4621138
	-64.7058615	-23.4617166
	-64.7058628	-23.4610486
	-64.7053225	-23.4603549
	-64.7042887	-23.4599658
	-64.7027424	-23.4598928
	-64.7027335	-23.4592606
	-64.7023713	-23.4588877
	-64.7017704	-23.4588148
	-64.7012226	-23.4596091
	-64.7008514	-23.4592525
	-64.7002771	-23.4590093
	-64.6997558	-23.4587661
	-64.6992609	-23.4579637
	-64.698549	-23.4573693
	-64.6981122	-23.4589526
	-64.6984215	-23.4596659
	-64.6982359	-23.459755
	-64.6977411	-23.4595605
	-64.6973346	-23.4591552
	-64.6965924	-23.4591147
	-64.695214	-23.4595119
	-64.6951256	-23.4590012
	-64.6950284	-23.4584014
	-64.6949312	-23.4581015
	-64.6945689	-23.457834
	-64.6944275	-23.4572828
	-64.6944982	-23.4567721
	-64.6955056	-23.4560831
	-64.6964422	-23.4553535
	-64.6967956	-23.454932
	-64.6966984	-23.454624
	-64.6963362	-23.4545024
	-64.6956911	-23.4548672
	-64.6950372	-23.4541619
	-64.6947456	-23.4531406
	-64.6943569	-23.4526866
	-64.6933672	-23.4524353
	-64.6924129	-23.4522732
	-64.691884	-23.4527701
	-64.691706	-23.4533432
	-64.6921743	-23.4541052
	-64.6921036	-23.4547699
	-64.6917944	-23.4544457
	-64.6903541	-23.4543403
	-64.6898239	-23.4539917
	-64.6898769	-23.4536431
	-64.6895323	-23.4531162
	-64.6888166	-23.4529541
	-64.6876679	-23.4530595
	-64.6867489	-23.4521435
	-64.6864662	-23.4519814
	-64.6857151	-23.4519408
	-64.6848138	-23.452184
	-64.6827196	-23.4523056
	-64.6825606	-23.4526785
	-64.6831437	-23.4531162
	-64.6841776	-23.452865
	-64.6844868	-23.4534
	-64.6844957	-23.454397
	-64.6842394	-23.4549482
	-64.6837446	-23.4553779
	-64.6819155	-23.4550536
	-64.6813323	-23.4544375
	-64.6805636	-23.4544781
	-64.6799097	-23.4546564
	-64.6796181	-23.4548266
	-64.6796358	-23.4554994
	-64.6798213	-23.4563019
	-64.6796446	-23.4571287
	-64.6794237	-23.4575503
	-64.6791145	-23.4578259
	-64.6780276	-23.4577367
	-64.6770733	-23.4579393
	-64.6772233	-23.4586795
	-64.6767817	-23.4596902
	-64.6752769	-23.4606814
	-64.6750587	-23.4609952
	-64.6748996	-23.46136
	-64.6732207	-23.462746
	-64.6725138	-23.4633053
	-64.6718423	-23.4630784
	-64.6707289	-23.4628757
	-64.6704108	-23.4630784
	-64.6706936	-23.4637187
	-64.6705787	-23.4644077
	-64.6695184	-23.4641564
	-64.668258	-23.464036
	-64.6680604	-23.4644077
	-64.667813	-23.4652263
	-64.6682106	-23.4658748
	-64.6670783	-23.4667953
	-64.6674322	-23.4679856
	-64.6667834	-23.4691218
	-64.6656628	-23.4680938
	-64.6647191	-23.4673905
	-64.6636574	-23.4678233
	-64.6641292	-23.4689054
	-64.6650729	-23.4700415
	-64.6640702	-23.4708531
	-64.6620648	-23.470799
	-64.6631265	-23.4716646
	-64.6641292	-23.4722597
	-64.6637753	-23.4736122
	-64.6624777	-23.4743697
	-64.6619469	-23.4752894
	-64.661652	-23.4777239
	-64.6603544	-23.4778321
	-64.6598235	-23.4790764
	-64.6593517	-23.4805911
	-64.658231	-23.4810239
	-64.658231	-23.4823764
	-64.6562846	-23.4828091
	-64.6555768	-23.483837
	-64.6542064	-23.4847389
	-64.6527773	-23.4841644
	-64.650035	-23.4838259
	-64.6475502	-23.4839676
	-64.6459037	-23.484973
	-64.6452714	-23.4858608
	-64.6440826	-23.4858528
	-64.6432587	-23.4849949
	-64.6420098	-23.4843769
	-64.6404773	-23.4848648
	-64.638744	-23.4876477
	-64.6373512	-23.4880024
	-64.636478	-23.4873643
	-64.6362978	-23.485723
	-64.6351219	-23.4849949
	-64.6341091	-23.4850736
	-64.6325213	-23.4859159
	-64.6306501	-23.4863056
	-64.6289167	-23.4879483
	-64.6264616	-23.4899306
	-64.6232773	-23.4912688
	-64.6213332	-23.4909185
	-64.6199814	-23.4900486
	-64.6183978	-23.491131
	-64.6176039	-23.492544
	-64.6147157	-23.4921819
	-64.6135312	-23.4934964
	-64.6120249	-23.4944528
	-64.6119777	-23.4971291
	-64.6113597	-23.4985342
	-64.6096259	-23.4975069
	-64.6070939	-23.497259
	-64.6049138	-23.4980343
	-64.6027809	-23.4998132
	-64.60103	-23.5003288
	-64.5988947	-23.5007683
	-64.59894	-23.5026862
	-64.6002189	-23.5026941
	-64.6004506	-23.5037724
	-64.5976869	-23.5056299
	-64.5954295	-23.5052364
	-64.5929447	-23.5053702
	-64.590991	-23.5068262
	-64.5898704	-23.5088815
	-64.587688	-23.5100174
	-64.5866852	-23.5114236
	-64.5841943	-23.5116902
	-64.5821172	-23.5108599
	-64.5799199	-23.510061
	-64.5784865	-23.5100335
	-64.5777205	-23.5107207
	-64.5778385	-23.51283
	-64.5771175	-23.5138625
	-64.5755511	-23.5142088
	-64.574298	-23.513646
	-64.5738267	-23.5110992
	-64.5723368	-23.5100138
	-64.5711566	-23.508235
	-64.5697447	-23.5073535
	-64.5682813	-23.5070151
	-64.5663959	-23.5080162
	-64.5662189	-23.5100713
	-64.5666909	-23.5121809
	-64.5659081	-23.5136185
	-64.5617624	-23.513646
	-64.5602904	-23.5148659
	-64.5591402	-23.5136414
	-64.5577087	-23.5132711
	-64.5559553	-23.5124515
	-64.5537735	-23.5117487
	-64.5535377	-23.5135871
	-64.5527113	-23.5143991
	-64.551768	-23.512507
	-64.5511717	-23.5131468
	-64.5514733	-23.514777
	-64.5507653	-23.5154803
	-64.5495859	-23.5161832
	-64.549055	-23.5183465
	-64.5485829	-23.5189959
	-64.5471083	-23.5186172
	-64.54587	-23.5199149
	-64.5455161	-23.5215372
	-64.5449262	-23.5230518
	-64.5419763	-23.5234846
	-64.5417103	-23.5225226
	-64.5397104	-23.5222306
	-64.5367148	-23.5227588
	-64.5364843	-23.5217021
	-64.5354477	-23.520118
	-64.5333746	-23.5203292
	-64.5321078	-23.5214908
	-64.5326837	-23.523603
	-64.5342966	-23.5259269
	-64.5339509	-23.5276171
	-64.5321077	-23.5300464
	-64.5321927	-23.5322343
	-64.5342964	-23.5334258
	-64.5351029	-23.5352215
	-64.5347573	-23.5377569
	-64.5323376	-23.5378625
	-64.5288819	-23.5381793
	-64.5276149	-23.539552
	-64.5272565	-23.5421859
	-64.5253679	-23.5440746
	-64.521248	-23.544232
	-64.5186736	-23.5467495
	-64.5205618	-23.5494246
	-64.5191883	-23.5517855
	-64.5148967	-23.552887
	-64.5142101	-23.5555622
	-64.51112	-23.5554049
	-64.5099187	-23.5565061
	-64.5100903	-23.5588664
	-64.5076868	-23.5607549
	-64.5034648	-23.5613436
	-64.502142	-23.5623669
	-64.5004516	-23.5650147
	-64.4969543	-23.5662527
	-64.4961358	-23.5672059
	-64.495054	-23.5682496
	-64.4947124	-23.5689672
	-64.4949841	-23.5697232
	-64.4945786	-23.5735824
	-64.4949423	-23.5744488
	-64.4957199	-23.5759445
	-64.4965868	-23.5768597
	-64.4959966	-23.5787126
	-64.4943229	-23.5797976
	-64.4922375	-23.5819953
	-64.4905209	-23.5876588
	-64.4900059	-23.5906479
	-64.4872593	-23.5950529
	-64.4803928	-23.5988283
	-64.4776464	-23.6032325
	-64.4781613	-23.6048052
	-64.4781613	-23.6088955
	-64.4761006	-23.6088955
	-64.4745556	-23.6066934
	-64.4735265	-23.6066934
	-64.4736982	-23.6098393
	-64.4721524	-23.609682
	-64.4714656	-23.6084236
	-64.4692345	-23.6077945
	-64.4661448	-23.6098392
	-64.4633979	-23.610783
	-64.4597931	-23.6101539
	-64.4580768	-23.6112547
	-64.4568753	-23.613142
	-64.4568753	-23.6145569
	-64.4589347	-23.6140851
	-64.4625397	-23.6155007
	-64.4656298	-23.6155007
	-64.4668317	-23.6169167
	-64.4649434	-23.6228937
	-64.4636279	-23.624599
	-64.4622654	-23.6257491
	-64.4608813	-23.6266613
	-64.4597956	-23.6267851
	-64.4587227	-23.6272353
	-64.4581433	-23.6273867
	-64.4576584	-23.6269935
	-64.4579266	-23.6260518
	-64.4580047	-23.6253984
	-64.4574352	-23.6248782
	-64.4564546	-23.6248094
	-64.4556006	-23.6254188
	-64.4549612	-23.6266967
	-64.4541715	-23.628116
	-64.4533175	-23.6286861
	-64.452603	-23.6284778
	-64.4518777	-23.6278428
	-64.4506331	-23.6275204
	-64.4490496	-23.6277936
	-64.4476625	-23.6283076
	-64.4470025	-23.6290341
	-64.4466359	-23.6301267
	-64.4470669	-23.6315229
	-64.4481207	-23.6331159
	-64.4485324	-23.634965
	-64.448202	-23.6367538
	-64.4468587	-23.6380335
	-64.4462019	-23.6392264
	-64.4458481	-23.6403531
	-64.4448246	-23.6411354
	-64.44358	-23.6413988
	-64.4424728	-23.6413339
	-64.4420029	-23.6406538
	-64.4420229	-23.638707
	-64.4419397	-23.6373624
	-64.4416231	-23.636569
	-64.4409622	-23.6362604
	-64.4386155	-23.6358713
	-64.434983	-23.6342418
	-64.4287764	-23.6313184
	-64.4269761	-23.6307188
	-64.4252702	-23.6306451
	-64.4232692	-23.6312055
	-64.4220011	-23.6303444
	-64.4202952	-23.629615
	-64.4184187	-23.6292367
	-64.4160391	-23.629161
	-64.4127432	-23.6291679
	-64.4112583	-23.6289427
	-64.4095835	-23.628298
	-64.4067158	-23.6263263
	-64.4053726	-23.623118
	-64.4051237	-23.6191153
	-64.4054271	-23.6155086
	-64.4054199	-23.6120099
	-64.403995	-23.6097487
	-64.4016088	-23.6079122
	-64.3992655	-23.6076723
	-64.3965489	-23.6087419
	-64.3937681	-23.6091824
	-64.3913736	-23.6074994
	-64.3904639	-23.6052621
	-64.3908716	-23.6024937
	-64.3930601	-23.600268
	-64.3973085	-23.5967832
	-64.3985102	-23.5936368
	-64.3980556	-23.5908645
	-64.3961069	-23.5886025
	-64.390257	-23.5846239
	-64.3882105	-23.5824671
	-64.3878031	-23.5799072
	-64.3889145	-23.5772446
	-64.3915538	-23.575211
	-64.3943307	-23.5736458
	-64.3956962	-23.572386
	-64.3962001	-23.5717508
	-64.3964774	-23.5710655
	-64.3965349	-23.5704484
	-64.3963974	-23.5699148
	-64.3961057	-23.5694103
	-64.3955178	-23.5690454
	-64.3946178	-23.5688996
	-64.3936756	-23.5689816
	-64.3912026	-23.5693233
	-64.3901404	-23.569427
	-64.3891523	-23.5693209
	-64.3880568	-23.5689756
	-64.3870173	-23.5684668
	-64.3859593	-23.5676382
	-64.3849048	-23.5666791
	-64.3841605	-23.5657524
	-64.3837965	-23.5650883
	-64.3835067	-23.5642956
	-64.3834124	-23.5636564
	-64.3833352	-23.5614643
	-64.3833298	-23.5588367
	-64.3833032	-23.5574347
	-64.3832129	-23.5565506
	-64.3828781	-23.5553291
	-64.3820973	-23.5536983
	-64.3811706	-23.5521471
	-64.3801802	-23.5507692
	-64.3783465	-23.5484778
	-64.3770076	-23.5471893
	-64.3762058	-23.5465221
	-64.3750504	-23.545752
	-64.3735741	-23.5450115
	-64.3715517	-23.5441778
	-64.3680192	-23.5430075
	-64.3661143	-23.5423204
	-64.3642786	-23.5415098
	-64.3624636	-23.5403771
	-64.3608325	-23.5390686
	-64.3594606	-23.5376358
	-64.3584553	-23.5363778
	-64.3568502	-23.5339974
	-64.3565066	-23.5332888
	-64.3563403	-23.532492
	-64.3563843	-23.531717
	-64.3566225	-23.5310176
	-64.3570634	-23.5302187
	-64.3582364	-23.5287426
	-64.3590582	-23.5274914
	-64.3598887	-23.5261771
	-64.3607362	-23.5239874
	-64.3609744	-23.5222895
	-64.3608693	-23.5212094
	-64.3603693	-23.5202059
	-64.3594144	-23.5191198
	-64.3580948	-23.5185021
	-64.356273	-23.5179649
	-64.3525265	-23.5174973
	-64.2694185	-23.5180676
	-64.2304898	-23.5182997
	-64.156251	-23.5188443
	-64.1566175	-23.5984235
	-64.1575741	-23.8059263
	-64.1576488	-23.8221179
	-64.160697	-24.0721629
	-64.1543199	-24.077429
	-64.1541224	-24.1179049
	-64.1513922	-24.1292698
	-64.1506698	-24.1363884
	-64.155442	-24.1422843
	-64.1569837	-24.1465412
	-64.1574569	-24.1526931
	-64.1579193	-24.1552648
	-64.161816	-24.1631421
	-64.1629897	-24.1712979
	-64.1629778	-24.1739304
	-64.1634651	-24.1757279
	-64.1623879	-24.1797654
	-64.1639286	-24.183371
	-64.168087	-24.1880923
	-64.1683831	-24.1913729
	-64.1702114	-24.1939448
	-64.171782	-24.2027757
	-64.17413	-24.2103372
	-64.1758418	-24.2124398
	-64.1754857	-24.2144399
	-64.171897	-24.2141399
	-64.164319	-24.2179663
	-64.1621562	-24.2215396
	-64.1695634	-24.2283454
	-64.1698166	-24.2344699
	-64.1718293	-24.236814
	-64.1747476	-24.242355
	-64.1751295	-24.2469372
	-64.1788483	-24.2530818
	-64.1818458	-24.2645794
	-64.1858541	-24.2698924
	-64.1904889	-24.2800012
	-64.2095605	-24.3045032
	-64.2188388	-24.3096424
	-64.2252761	-24.3295401
	-64.2459355	-24.3361642
	-64.2543596	-24.3535931
	-64.2548619	-24.3669416
	-64.2697852	-24.3855015
	-64.2731169	-24.3923921
	-64.2798643	-24.3944284
	-64.2851516	-24.4075365
	-64.2871106	-24.4070344
	-64.2893744	-24.4073567
	-64.2915545	-24.4067119
	-64.2944642	-24.4073704
	-64.2960498	-24.4073626
	-64.2973416	-24.4055102
	-64.2986312	-24.4058717
	-64.3045965	-24.4120111
	-64.305075	-24.4154011
	-64.3079825	-24.4203737
	-64.3121432	-24.4217159
	-64.3142139	-24.4247364
	-64.3181406	-24.4272118
	-64.3213871	-24.4266706
	-64.3241166	-24.4263502
	-64.3241698	-24.4244842
	-64.3249363	-24.4230914
	-64.3294916	-24.4244629
	-64.3336953	-24.4250412
	-64.3358452	-24.4230953
	-64.3374181	-24.4218234
	-64.3403987	-24.4221321
	-64.3427138	-24.4238006
	-64.3447866	-24.4252112
	-64.3471771	-24.4254964
	-64.3498378	-24.4245039
	-64.3522197	-24.4230386
	-64.3539791	-24.4226947
	-64.3563995	-24.4231207
	-64.3585796	-24.4227885
	-64.3612275	-24.4206316
	-64.3643861	-24.4205143
	-64.3671628	-24.4192209
	-64.3682742	-24.4157196
	-64.3715874	-24.4117727
	-64.3777972	-24.4105378
	-64.3862601	-24.4023622
	-64.3998557	-24.4003769
	-64.4159833	-24.3976567
	-64.4211675	-24.4007521
	-64.429038	-24.4118509
	-64.4329177	-24.4199477
	-64.4396897	-24.4255824
	-64.4399765	-24.4283239
	-64.4415179	-24.4452079
	-64.4566489	-24.4654625
	-64.4711637	-24.464721
	-64.4762106	-24.4638382
	-64.4812317	-24.4640491
	-64.4835148	-24.4672132
	-64.4855232	-24.4718614
	-64.4915314	-24.481626
	-64.4935084	-24.4939507
	-64.5000847	-24.5065921
	-64.5093506	-24.5062159
	-64.5188518	-24.5052098
	-64.5246934	-24.5076355
	-64.5309802	-24.5043375
	-64.5332591	-24.5051257
	-64.5367564	-24.5079522
	-64.5375869	-24.5132542
	-64.5388721	-24.5157554
	-64.5416393	-24.5169895
	-64.5484716	-24.5426495
	-64.5505657	-24.5567805
	-64.5552864	-24.5641888
	-64.5575781	-24.5744537
	-64.566394	-24.5767844
	-64.5712853	-24.5800033
	-64.5836793	-24.5843586
	-64.5919447	-24.5835391
	-64.594657	-24.5842728
	-64.6104499	-24.5926941
	-64.6145783	-24.5970801
	-64.6352638	-24.6091907
	-64.6362548	-24.6093048
	-64.6386731	-24.610571
	-64.6405098	-24.6115834
	-64.6421213	-24.6125237
	-64.6444559	-24.6132728
	-64.6469235	-24.6133704
	-64.6485114	-24.6130446
	-64.6497195	-24.6122643
	-64.6525733	-24.6093458
	-64.6550833	-24.608173
	-64.657882	-24.6079548
	-64.6611114	-24.6080602
	-64.6631842	-24.6082904
	-64.6649222	-24.60783
	-64.6674457	-24.6062088
	-64.672102	-24.6035458
	-64.6745869	-24.6013296
	-64.6761789	-24.5986605
	-64.6785822	-24.5960227
	-64.680256	-24.5931781
	-64.6829983	-24.5908601
	-64.6826892	-24.5879411
	-64.6817622	-24.5859625
	-64.6803889	-24.5821654
	-64.6796466	-24.5788248
	-64.6809812	-24.574961
	-64.6833888	-24.572233
	-64.6878047	-24.5703517
	-64.690457	-24.5706211
	-64.6951734	-24.568373
	-64.7064386	-24.5609337
	-64.7094298	-24.5570265
	-64.7100178	-24.5532636
	-64.7140217	-24.5469358
	-64.7167662	-24.5422826
	-64.7188433	-24.5402117
	-64.7196243	-24.5382733
	-64.7196657	-24.5381984
	-64.7219653	-24.5340257
	-64.7258922	-24.5296024
	-64.7316085	-24.5262604
	-64.7383805	-24.5240505
	-64.7536241	-24.5232228
	-64.7590571	-24.5209426
	-64.7635593	-24.5168989
	-64.7751009	-24.503209
	-64.8258495	-24.4752441
	-64.8428613	-24.466996
	-64.8430429	-24.467486
	-64.8432001	-24.467927
	-64.8433642	-24.4681871
	-64.8436336	-24.4683722
	-64.8439666	-24.4684269
	-64.8443449	-24.4683879
	-64.8446786	-24.4681949
	-64.8449499	-24.4678825
	-64.8451388	-24.4674055
	-64.8453249	-24.4669398
	-64.845451	-24.466736
	-64.845656	-24.4665832
	-64.8458742	-24.4665744
	-64.8460672	-24.4666931
	-64.8461989	-24.4668883
	-64.8462978	-24.4672388
	-64.8464686	-24.4676061
	-64.8467946	-24.467966
	-64.847115	-24.4682936
	-64.8477036	-24.4686481
	-64.8484498	-24.4689195
	-64.8491519	-24.4690714
	-64.8498396	-24.4691677
	-64.8514012	-24.4693605
	-64.8531473	-24.4695509
	-64.8544536	-24.4697554
	-64.8556702	-24.4700489
	-64.8560843	-24.4702589
	-64.8562807	-24.4704619
	-64.8563333	-24.4707501
	-64.8562164	-24.4710561
	-64.8559282	-24.4714341
	-64.8554138	-24.4720528
	-64.8549032	-24.4728138
	-64.85418	-24.4741522
	-64.8538495	-24.4748299
	-64.853775	-24.4751894
	-64.8538017	-24.4755954
	-64.8538335	-24.4760281
	-64.8537959	-24.4763195
	-64.8537561	-24.4767295
	-64.8538281	-24.4771305
	-64.8540211	-24.4773745
	-64.8543217	-24.4775508
	-64.8546982	-24.4776269
	-64.8550973	-24.4775787
	-64.8554101	-24.4774121
	-64.8556783	-24.477109
	-64.8557893	-24.4767403
	-64.8557581	-24.4763199
	-64.8557556	-24.4759079
	-64.8558923	-24.4756961
	-64.8561557	-24.4755285
	-64.8564857	-24.4755383
	-64.8567967	-24.475657
	-64.8570656	-24.4758327
	-64.8572613	-24.4761062
	-64.8574555	-24.4767702
	-64.8577955	-24.4776978
	-64.8581164	-24.4785444
	-64.8587934	-24.4795521
	-64.8596549	-24.4803479
	-64.8608834	-24.4811007
	-64.8614799	-24.4817032
	-64.8618436	-24.4824667
	-64.8623736	-24.4837683
	-64.8625753	-24.4847886
	-64.8625099	-24.4851675
	-64.8622191	-24.4854867
	-64.8616828	-24.485888
	-64.8613544	-24.4864055
	-64.8613061	-24.4872511
	-64.8616805	-24.4879775
	-64.8624594	-24.4881328
	-64.8632351	-24.4883925
	-64.8635238	-24.4886096
	-64.8637055	-24.4889132
	-64.8636776	-24.4892584
	-64.8632963	-24.4896128
	-64.8627272	-24.4898579
	-64.8620859	-24.4899207
	-64.8614343	-24.4899672
	-64.8608292	-24.4900859
	-64.8605411	-24.4902523
	-64.8604113	-24.4905424
	-64.8604934	-24.4909176
	-64.8606784	-24.4913546
	-64.861099	-24.4920177
	-64.8615587	-24.4927674
	-64.8616881	-24.4930925
	-64.8616935	-24.4933797
	-64.86157	-24.494026
	-64.8615738	-24.4943051
	-64.8617234	-24.4945181
	-64.8619466	-24.4946673
	-64.8622245	-24.4947739
	-64.8625002	-24.4948509
	-64.8628028	-24.4947908
	-64.8631187	-24.4945585
	-64.8635945	-24.4938181
	-64.8641342	-24.4927099
	-64.8647671	-24.4916905
	-64.865059	-24.4914547
	-64.8653123	-24.4914108
	-64.8655317	-24.4914938
	-64.8656673	-24.4917043
	-64.8656877	-24.492501
	-64.8658937	-24.4930975
	-64.866029	-24.4933176
	-64.8662425	-24.4934851
	-64.8664506	-24.4935699
	-64.8668723	-24.493606
	-64.8675299	-24.4937663
	-64.8680438	-24.4939918
	-64.8685134	-24.4942314
	-64.8686599	-24.4943842
	-64.868783	-24.4946255
	-64.8689357	-24.4950291
	-64.869062	-24.4951348
	-64.8692347	-24.4951781
	-64.8696554	-24.4952074
	-64.8705716	-24.49518
	-64.8709846	-24.4952741
	-64.8713686	-24.4954544
	-64.8723085	-24.4961602
	-64.8737472	-24.498024
	-64.8743513	-24.4988031
	-64.8749628	-24.4993196
	-64.8762288	-24.5000947
	-64.8770828	-24.5005038
	-64.8774272	-24.5009587
	-64.8774197	-24.5013902
	-64.8774539	-24.5017135
	-64.8775538	-24.5019975
	-64.8776858	-24.5022644
	-64.8779154	-24.5026155
	-64.8780913	-24.5032754
	-64.8780463	-24.5039676
	-64.8776772	-24.5045429
	-64.8777094	-24.5050668
	-64.8775561	-24.5054407
	-64.8772127	-24.5059249
	-64.8764639	-24.5063603
	-64.8757021	-24.5066864
	-64.8752246	-24.5073424
	-64.8749951	-24.5079975
	-64.8750046	-24.508634
	-64.8750486	-24.5094052
	-64.8750046	-24.5098806
	-64.8751441	-24.5103415
	-64.8756977	-24.5106323
	-64.8776333	-24.5109359
	-64.8788048	-24.5113088
	-64.879529	-24.511831
	-64.8800333	-24.5120858
	-64.8807886	-24.5124939
	-64.8815161	-24.5132768
	-64.882516	-24.5149535
	-64.8828764	-24.5158958
	-64.8834455	-24.5166589
	-64.8839096	-24.5175104
	-64.8843012	-24.5186613
	-64.8848273	-24.5196395
	-64.88528	-24.5205923
	-64.8853998	-24.5211016
	-64.8853741	-24.5215594
	-64.8848784	-24.5221197
	-64.8837519	-24.5229308
	-64.8821565	-24.5242651
	-64.8808916	-24.5249855
	-64.8798176	-24.5256853
	-64.8794164	-24.5264076
	-64.8793788	-24.5270636
	-64.8796782	-24.5274804
	-64.8800923	-24.5278356
	-64.8807286	-24.5281587
	-64.8815729	-24.5282632
	-64.8818743	-24.5287092
	-64.8817756	-24.5294364
	-64.8816277	-24.5300201
	-64.8816361	-24.5305637
	-64.8818347	-24.531
	-64.8822124	-24.5314168
	-64.8830888	-24.5320122
	-64.8835276	-24.5328018
	-64.8834203	-24.5341672
	-64.8835813	-24.5354029
	-64.8836554	-24.535854
	-64.883778	-24.5366001
	-64.8834897	-24.5373621
	-64.8830117	-24.537635
	-64.8826866	-24.5381181
	-64.8829622	-24.5387554
	-64.8833807	-24.5391526
	-64.8844011	-24.5394825
	-64.8847625	-24.5401432
	-64.8847776	-24.5412646
	-64.8850007	-24.542059
	-64.8854846	-24.5428242
	-64.8860362	-24.5431761
	-64.8868666	-24.5435542
	-64.8875736	-24.5441571
	-64.8881982	-24.5454612
	-64.8889468	-24.5463432
	-64.8901057	-24.5472021
	-64.8905157	-24.5482332
	-64.890578	-24.5492338
	-64.8895892	-24.5492338
	-64.888988	-24.5486871
	-64.8882829	-24.5482348
	-64.8876405	-24.5486243
	-64.8877884	-24.5495836
	-64.8884986	-24.550653
	-64.8891852	-24.5517851
	-64.8901723	-24.5536978
	-64.891331	-24.555103
	-64.8923804	-24.5571565
	-64.8923804	-24.5589913
	-64.892595	-24.5613333
	-64.8924469	-24.5631838
	-64.8915454	-24.5643942
	-64.8906197	-24.5648865
	-64.8896751	-24.564496
	-64.8884745	-24.564301
	-64.8879407	-24.5650964
	-64.8875307	-24.5662131
	-64.8861139	-24.5666427
	-64.8847841	-24.5671108
	-64.88425	-24.5688821
	-64.8840977	-24.5704666
	-64.8839154	-24.5715319
	-64.8842475	-24.5723465
	-64.8855125	-24.5722607
	-64.8872292	-24.5719875
	-64.8881746	-24.5719875
	-64.8884128	-24.5739553
	-64.8888419	-24.5746577
	-64.8893571	-24.5755556
	-64.8893334	-24.5758916
	-64.8892047	-24.57714
	-64.8900005	-24.5778187
	-64.8903441	-24.5785607
	-64.8903011	-24.579381
	-64.8895046	-24.5800683
	-64.8885178	-24.5807705
	-64.8879176	-24.5818621
	-64.8889033	-24.5823687
	-64.8905332	-24.5822517
	-64.8913481	-24.5813937
	-64.891992	-24.5801836
	-64.8929801	-24.5797148
	-64.8940109	-24.5803788
	-64.8945927	-24.5813316
	-64.894464	-24.5826197
	-64.894612	-24.5837744
	-64.8952122	-24.5845542
	-64.8962848	-24.5845542
	-64.8976157	-24.5851399
	-64.8981975	-24.5862487
	-64.8982405	-24.5873808
	-64.8979164	-24.5886512
	-64.8976179	-24.5895839
	-64.8973641	-24.5899781
	-64.8971322	-24.5905469
	-64.896981	-24.5909992
	-64.8971804	-24.5916777
	-64.8974405	-24.5921328
	-64.8978819	-24.5923519
	-64.8985431	-24.5921939
	-64.8991288	-24.5919004
	-64.8998235	-24.5915599
	-64.9003851	-24.5910063
	-64.9008209	-24.590321
	-64.9010887	-24.5899248
	-64.9014484	-24.5896329
	-64.9018906	-24.5896608
	-64.902141	-24.5898457
	-64.90233	-24.5902054
	-64.9026755	-24.5909982
	-64.9028621	-24.5918572
	-64.9030145	-24.5926426
	-64.9032492	-24.5934768
	-64.9035563	-24.5940476
	-64.9039729	-24.5944724
	-64.9042463	-24.5948281
	-64.9046351	-24.5951203
	-64.9050489	-24.5952309
	-64.9054285	-24.5950496
	-64.9057227	-24.594486
	-64.9058848	-24.593872
	-64.9061001	-24.5931714
	-64.9064581	-24.5927044
	-64.906868	-24.5924781
	-64.9073788	-24.5923219
	-64.9079133	-24.5923154
	-64.9084278	-24.5923953
	-64.9089889	-24.5925493
	-64.9095438	-24.5928824
	-64.9099725	-24.5932308
	-64.9102085	-24.5936515
	-64.910476	-24.5941365
	-64.9106895	-24.5947398
	-64.9109471	-24.5952496
	-64.9111669	-24.5958014
	-64.9112526	-24.5961067
	-64.9112937	-24.5963732
	-64.9112691	-24.5966261
	-64.9112772	-24.5967966
	-64.9113716	-24.5969224
	-64.911566	-24.5971089
	-64.9117336	-24.5971467
	-64.9119612	-24.5970777
	-64.9120675	-24.5969997
	-64.9120675	-24.5968108
	-64.911927	-24.5966045
	-64.9117497	-24.5963992
	-64.9117773	-24.5962492
	-64.911993	-24.5961316
	-64.9122204	-24.5960751
	-64.9124546	-24.5961454
	-64.9125943	-24.5962975
	-64.9127658	-24.5966385
	-64.9129481	-24.5969896
	-64.913063	-24.5972429
	-64.9132441	-24.5973209
	-64.9133956	-24.5972844
	-64.9135463	-24.5971082
	-64.9139026	-24.5969023
	-64.9143642	-24.5968048
	-64.9148653	-24.5964745
	-64.9151984	-24.5962987
	-64.9154806	-24.5960144
	-64.9159389	-24.5959078
	-64.9162356	-24.5959975
	-64.9165762	-24.5959165
	-64.9167054	-24.5955348
	-64.9169392	-24.5953415
	-64.9174654	-24.5952633
	-64.9177412	-24.5949426
	-64.9180821	-24.5947683
	-64.9184188	-24.5948154
	-64.918874	-24.5949999
	-64.9193491	-24.5952049
	-64.9197772	-24.5953217
	-64.920012	-24.5955741
	-64.9202099	-24.5958288
	-64.92042	-24.5959524
	-64.9206552	-24.596007
	-64.9209356	-24.5960309
	-64.9212299	-24.5961768
	-64.921499	-24.5964923
	-64.9216241	-24.5968614
	-64.921871	-24.597095
	-64.9224384	-24.597212
	-64.9228358	-24.5971751
	-64.9231643	-24.5970386
	-64.9234073	-24.5968917
	-64.9236831	-24.5968497
	-64.9239688	-24.5969625
	-64.9244834	-24.5972842
	-64.9249159	-24.5975551
	-64.9252761	-24.597888
	-64.9256623	-24.5985222
	-64.9258551	-24.598678
	-64.9259316	-24.5988651
	-64.9261387	-24.5989525
	-64.926324	-24.5988218
	-64.9264986	-24.5987559
	-64.9267137	-24.598821
	-64.9267884	-24.5990521
	-64.9267808	-24.5993977
	-64.927092	-24.5995873
	-64.9273999	-24.5995754
	-64.9275246	-24.5994509
	-64.9277484	-24.5994703
	-64.9279105	-24.5994211
	-64.9282328	-24.5993137
	-64.9285561	-24.5991373
	-64.9287183	-24.598921
	-64.928772	-24.5986285
	-64.9289326	-24.5984534
	-64.9289859	-24.5983173
	-64.9291132	-24.5982306
	-64.9293223	-24.5981304
	-64.9293664	-24.5980001
	-64.929287	-24.5978156
	-64.9292554	-24.5976715
	-64.9293394	-24.597557
	-64.9295104	-24.5974597
	-64.9297686	-24.597264
	-64.9299513	-24.5970296
	-64.9302115	-24.5967556
	-64.9304732	-24.5966706
	-64.9308252	-24.5967482
	-64.93105	-24.5968553
	-64.9314081	-24.5970194
	-64.9316431	-24.5970904
	-64.9318003	-24.5969988
	-64.9318945	-24.5968227
	-64.931873	-24.5965793
	-64.9319783	-24.5964453
	-64.9321532	-24.596385
	-64.932297	-24.5962582
	-64.9322915	-24.5961095
	-64.9322597	-24.5959117
	-64.9323945	-24.5957986
	-64.9325043	-24.5958508
	-64.9326482	-24.5958961
	-64.9327193	-24.5957817
	-64.9328656	-24.5957009
	-64.9329888	-24.5957756
	-64.9329504	-24.595964
	-64.9328115	-24.5960903
	-64.9327261	-24.5962265
	-64.9327736	-24.5963691
	-64.9329154	-24.5964732
	-64.9331598	-24.5965029
	-64.9333567	-24.5964115
	-64.9334524	-24.5963438
	-64.9336645	-24.5963341
	-64.9338567	-24.596376
	-64.9339962	-24.5963233
	-64.9340717	-24.5961664
	-64.9341607	-24.5960901
	-64.9343064	-24.5960855
	-64.9344512	-24.5962562
	-64.9346164	-24.5962488
	-64.9346679	-24.5961208
	-64.9346895	-24.5959391
	-64.9346574	-24.5957637
	-64.9347048	-24.5955672
	-64.9349349	-24.595498
	-64.9351726	-24.5955323
	-64.9353637	-24.5953338
	-64.9353384	-24.5951235
	-64.9352362	-24.5948935
	-64.9351571	-24.594745
	-64.935288	-24.5946068
	-64.9356126	-24.5945246
	-64.9358852	-24.5945684
	-64.9361195	-24.5945906
	-64.9362553	-24.5946073
	-64.9364308	-24.5946371
	-64.9365645	-24.5947439
	-64.936675	-24.5948483
	-64.9369502	-24.5949612
	-64.9372064	-24.5949929
	-64.9374052	-24.5949098
	-64.937548	-24.5947655
	-64.9375372	-24.5944465
	-64.9377045	-24.5943385
	-64.938104	-24.5944073
	-64.9385465	-24.5947066
	-64.9387085	-24.5946723
	-64.9390917	-24.5945005
	-64.9393076	-24.5944809
	-64.9392914	-24.594741
	-64.9394209	-24.5950305
	-64.939707	-24.59506
	-64.9400848	-24.5950011
	-64.9401874	-24.5951385
	-64.9402198	-24.5953741
	-64.9401118	-24.5955459
	-64.9398581	-24.5959188
	-64.9398149	-24.5960661
	-64.9400956	-24.5964096
	-64.9403709	-24.5966058
	-64.9407163	-24.5966942
	-64.941078	-24.5967727
	-64.9411697	-24.5967089
	-64.9410941	-24.5965764
	-64.9409268	-24.5964291
	-64.9411265	-24.5962869
	-64.9413964	-24.5961691
	-64.9416727	-24.5960626
	-64.9419156	-24.5957141
	-64.9421099	-24.5956503
	-64.9423474	-24.5959203
	-64.9421639	-24.5960871
	-64.9420127	-24.5964993
	-64.9421045	-24.5965287
	-64.9423798	-24.5966023
	-64.9425525	-24.5965925
	-64.9427792	-24.5964355
	-64.9430382	-24.5963129
	-64.943157	-24.5963865
	-64.9435024	-24.5966465
	-64.9437021	-24.5966759
	-64.9438857	-24.5965483
	-64.9439126	-24.5963227
	-64.9438533	-24.5959595
	-64.9440854	-24.595773
	-64.9443228	-24.595827
	-64.9444146	-24.5961018
	-64.9444362	-24.5962736
	-64.9450785	-24.5960282
	-64.9454401	-24.5958368
	-64.94571	-24.5957681
	-64.9460392	-24.5958025
	-64.9462174	-24.5956847
	-64.9462767	-24.5953902
	-64.9460932	-24.5950859
	-64.9460986	-24.5949191
	-64.9461202	-24.5946492
	-64.9463361	-24.5942958
	-64.9466761	-24.5940651
	-64.9471457	-24.5940995
	-64.9474912	-24.5945559
	-64.9478582	-24.5947179
	-64.9480687	-24.5946197
	-64.9482468	-24.5945804
	-64.9483871	-24.5946982
	-64.9487164	-24.5947277
	-64.9489755	-24.5946639
	-64.9493425	-24.5945706
	-64.9498606	-24.5941044
	-64.9500172	-24.5940848
	-64.9506001	-24.5942124
	-64.9509131	-24.5941682
	-64.9513341	-24.5939081
	-64.9518091	-24.5937314
	-64.9522031	-24.5935056
	-64.9523813	-24.5935351
	-64.9528292	-24.5935155
	-64.9535957	-24.5930394
	-64.9542164	-24.5922983
	-64.9543513	-24.5919597
	-64.9545078	-24.5915523
	-64.9550854	-24.5908701
	-64.9552797	-24.5907425
	-64.9558788	-24.5902272
	-64.9561109	-24.5901585
	-64.9565265	-24.5902615
	-64.9570177	-24.5903891
	-64.9570932	-24.5907327
	-64.9574387	-24.5912431
	-64.9576762	-24.5912726
	-64.958054	-24.5912824
	-64.9586585	-24.5914983
	-64.9589338	-24.5913904
	-64.9592792	-24.5910517
	-64.959711	-24.5904775
	-64.9597812	-24.5899965
	-64.9596948	-24.5897855
	-64.9596732	-24.5895548
	-64.9597056	-24.5892505
	-64.9594141	-24.5885388
	-64.9593872	-24.5884063
	-64.9595599	-24.5882493
	-64.959738	-24.5881658
	-64.9601428	-24.5880578
	-64.9604558	-24.5881511
	-64.9606286	-24.5882787
	-64.9605098	-24.5884947
	-64.9605962	-24.5885781
	-64.9608607	-24.588637
	-64.9610766	-24.5887842
	-64.9612169	-24.5891867
	-64.9614706	-24.5894125
	-64.9617566	-24.5892603
	-64.9619887	-24.5889413
	-64.9622586	-24.588794
	-64.9629009	-24.588583
	-64.9630628	-24.588367
	-64.9633435	-24.5881266
	-64.9636673	-24.5879302
	-64.9640398	-24.5878468
	-64.9640398	-24.5875278
	-64.9642233	-24.5873903
	-64.9645255	-24.5869388
	-64.9647576	-24.5869486
	-64.9649789	-24.5869094
	-64.9652218	-24.5868014
	-64.9653675	-24.5866198
	-64.96574	-24.5865462
	-64.966107	-24.5866836
	-64.9663931	-24.5865952
	-64.9664902	-24.5862615
	-64.966976	-24.5861388
	-64.9671703	-24.5860112
	-64.9674995	-24.5857167
	-64.9682066	-24.5853142
	-64.9684441	-24.5852946
	-64.9687463	-24.5853486
	-64.969054	-24.5857609
	-64.969394	-24.5859719
	-64.9700903	-24.5860652
	-64.9706247	-24.5863204
	-64.9711428	-24.5868456
	-64.9715368	-24.5868406
	-64.9721629	-24.5866296
	-64.9732964	-24.5860995
	-64.9735177	-24.585913
	-64.9739819	-24.5856382
	-64.9740143	-24.5851228
	-64.9743381	-24.5848774
	-64.9747051	-24.584794
	-64.9749588	-24.5843669
	-64.9752125	-24.5843326
	-64.9757091	-24.5840725
	-64.9761678	-24.5835424
	-64.9766698	-24.5835669
	-64.9768803	-24.5834
	-64.9771232	-24.5828552
	-64.9774956	-24.5827865
	-64.9781379	-24.5826049
	-64.9792282	-24.5825902
	-64.979741	-24.5824233
	-64.9802105	-24.5824233
	-64.980923	-24.5823006
	-64.9809446	-24.5819815
	-64.9808528	-24.5816183
	-64.9808259	-24.5813582
	-64.9810202	-24.5810931
	-64.9815545	-24.5807447
	-64.9818406	-24.5806956
	-64.9820889	-24.5807447
	-64.9822293	-24.5809999
	-64.9823695	-24.5812011
	-64.9824937	-24.5813042
	-64.9826502	-24.5815447
	-64.982634	-24.5818294
	-64.9825476	-24.5820993
	-64.9826988	-24.5822024
	-64.9830388	-24.5821582
	-64.9833141	-24.582011
	-64.983422	-24.5817999
	-64.9834328	-24.5815447
	-64.9835516	-24.5812993
	-64.9836919	-24.5811128
	-64.9838053	-24.5808428
	-64.9839294	-24.5803225
	-64.9839673	-24.5801458
	-64.984221	-24.5798562
	-64.9846851	-24.5795765
	-64.9849928	-24.5795028
	-64.9852573	-24.5794096
	-64.9856189	-24.5794538
	-64.985851	-24.5795519
	-64.9861209	-24.5794734
	-64.9866336	-24.5791494
	-64.9870006	-24.5789826
	-64.9873515	-24.5788746
	-64.9877455	-24.5788893
	-64.9881611	-24.5790611
	-64.9885821	-24.5790316
	-64.9893809	-24.5791642
	-64.9896994	-24.5793261
	-64.9901528	-24.5792133
	-64.9906385	-24.5789629
	-64.9907357	-24.57885
	-64.9907519	-24.5786046
	-64.9907573	-24.5783494
	-64.9909462	-24.5779125
	-64.9912269	-24.5777407
	-64.9914913	-24.5776475
	-64.992139	-24.5775591
	-64.9925438	-24.5775886
	-64.9930296	-24.5773628
	-64.9932725	-24.5772401
	-64.9935208	-24.5772008
	-64.9941469	-24.5773922
	-64.9946812	-24.5772253
	-64.9951076	-24.5769897
	-64.9958255	-24.5766756
	-64.9962519	-24.5764351
	-64.9969147	-24.5761787
	-64.9989428	-24.5763866
	-64.999227	-24.5764568
	-64.9994699	-24.5768838
	-64.9998099	-24.5779729
	-65.001596	-24.5785143
	-65.0036722	-24.5777508
	-65.0046188	-24.5771815
	-65.0054962	-24.5775839
	-65.0071138	-24.5794308
	-65.0080995	-24.5793195
	-65.008852	-24.5787104
	-65.0124786	-24.5776637
	-65.0174559	-24.5775076
	-65.0217234	-24.5769454
	-65.023294	-24.5757902
	-65.0289575	-24.575166
	-65.0339361	-24.5743853
	-65.0380304	-24.5731987
	-65.0440387	-24.5719498
	-65.0471304	-24.5707002
	-65.0490176	-24.5682037
	-65.0533083	-24.5689841
	-65.0564001	-24.5666409
	-65.0594891	-24.5642997
	-65.0641223	-24.5632072
	-65.0646023	-24.5631904
	-65.0730495	-24.5628949
	-65.0754537	-24.5614892
	-65.0830077	-24.5582101
	-65.0859268	-24.5544617
	-65.0888453	-24.5502458
	-65.0914206	-24.5458729
	-65.0921073	-24.5424372
	-65.0931372	-24.5396266
	-65.0943387	-24.5357231
	-65.0974281	-24.531039
	-65.1009086	-24.5268333
	-65.1074005	-24.5216385
	-65.1159659	-24.5168285
	-65.1278105	-24.5110495
	-65.1363855	-24.5059416
	-65.1446609	-24.4994529
	-65.1518445	-24.4916791
	-65.1574063	-24.4849227
	-65.1637488	-24.4787443
	-65.1693531	-24.4742216
	-65.1763767	-24.4696932
	-65.1787525	-24.467981
	-65.1841417	-24.464097
	-65.1883925	-24.4612637
	-65.1929784	-24.4579474
	-65.1969441	-24.4601126
	-65.1989394	-24.4600725
	-65.2016474	-24.458674
	-65.2075954	-24.458592
	-65.2281133	-24.467885
	-65.2314178	-24.4737089
	-65.2293836	-24.4799817
	-65.2273107	-24.4855942
	-65.2446012	-24.4857113
	-65.2577163	-24.4894919
	-65.2689	-24.4909291
	-65.2810966	-24.4914446
	-65.296898	-24.4933738
	-65.3006898	-24.4973666
	-65.3031803	-24.499332
	-65.3079828	-24.4991021
	-65.3465079	-24.4972581
	-65.3581595	-24.4818239
	-65.3505999	-24.4726136
	-65.3577904	-24.462419
	-65.3958468	-24.4569146
	-65.4059715	-24.4568536
	-65.4154987	-24.4557051
	-65.4193971	-24.4535082
	-65.4225111	-24.4517907
	-65.4262619	-24.4513454
	-65.4288188	-24.4521454
	-65.431901	-24.456588
	-65.4345961	-24.461721
	-65.4383297	-24.4603694
	-65.4405785	-24.4582053
	-65.4476166	-24.4533612
	-65.4503427	-24.449032
	-65.4528562	-24.4389731
	-65.465894	-24.4335891
	-65.4726059	-24.4303617
	-65.4868538	-24.4274234
	-65.5005265	-24.4352301
	-65.504801	-24.4409656
	-65.5062967	-24.4533827
	-65.5065605	-24.4566394
	-65.5127318	-24.4557487
	-65.5149805	-24.4517796
	-65.520405	-24.4471619
	-65.5262844	-24.4507014
	-65.5285246	-24.4486699
	-65.5344898	-24.4484902
	-65.5433304	-24.4486465
	-65.5470984	-24.4405437
	-65.5553038	-24.4372461
	-65.563964	-24.4287206
	-65.575534	-24.4267904
	-65.6006322	-24.4170319
	-65.60663	-24.4074835
	-65.6140377	-24.4041567
	-65.6170589	-24.3869058
	-65.6226465	-24.3809176
	-65.6332551	-24.3804407
	-65.6362249	-24.3785254
	-65.6456491	-24.3782127
	-65.6536277	-24.3787352
	-65.6569358	-24.3768211
	-65.6575399	-24.3734021
	-65.6562492	-24.3661101
	-65.6553136	-24.3624119
	-65.6492883	-24.3488377
	-65.6734841	-24.3225454
	-65.6807282	-24.3142547
	-65.6819126	-24.3052358
	-65.6781409	-24.2952838
	-65.6790986	-24.2883249
	-65.6697418	-24.2686613
	-65.671467	-24.2493096
	-65.6892676	-24.2383963
	-65.6976981	-24.2312329
	-65.6970016	-24.2260493
	-65.695388	-24.2168051
	-65.6971303	-24.2109028
	-65.7038308	-24.2054702
	-65.7281032	-24.1842953
	-65.733462	-24.1816098
	-65.7337075	-24.1688504
	-65.7266437	-24.1643275
	-65.7276478	-24.1618764
	-65.730034	-24.1528311
	-65.7318364	-24.1502858
	-65.7318793	-24.1474506
	-65.7276002	-24.1381589
	-65.7229225	-24.1197745
	-65.7266561	-24.1069109
	-65.7337371	-24.0915543
	-65.7335137	-24.0847095
	-65.7375704	-24.0798005
	-65.7501462	-24.0755915
	-65.7518275	-24.0736881
	-65.7528133	-24.0713442
	-65.7527408	-24.0690302
	-65.7511124	-24.0659625
	-65.7505127	-24.0656795
	-65.7500335	-24.0651669
	-65.7498986	-24.0653622
	-65.7496633	-24.0651067
	-65.7489787	-24.0648225
	-65.7486429	-24.0648873
	-65.748141	-24.0643357
	-65.7477038	-24.0642706
	-65.7473622	-24.0640322
	-65.7473675	-24.0637728
	-65.7470877	-24.0637535
	-65.7467902	-24.063472
	-65.7462672	-24.0633965
	-65.7455491	-24.0630845
	-65.7467178	-24.0622548
	-65.7469632	-24.0621298
	-65.747329	-24.0620764
	-65.7476293	-24.0618278
	-65.7477904	-24.0614622
	-65.7486123	-24.0611725
	-65.7486748	-24.0609868
	-65.7490297	-24.0609986
	-65.7492	-24.0608627
	-65.7494987	-24.0608599
	-65.7500239	-24.0602922
	-65.7500025	-24.0600161
	-65.7502543	-24.0600107
	-65.7507146	-24.0595228
	-65.7512912	-24.0588695
	-65.7520263	-24.0585916
	-65.7527921	-24.0578034
	-65.7596961	-24.0556295
	-65.7889947	-24.0510766
	-65.8104609	-24.0292383
	-65.841365	-24.0246936
	-65.8764819	-24.0054205
	-65.9305737	-24.0063849
	-65.9419069	-24.0056677
	-65.9469795	-24.004562
	-65.9499064	-24.0022176
	-65.949752	-23.998697
	-65.948684	-23.9960035
	-65.9457228	-23.9927259
	-65.9437917	-23.9899107
	-65.9424362	-23.9851286
	-65.9411689	-23.980473
	-65.939375	-23.9776341
	-65.942276	-23.9730228
	-65.9462377	-23.9708542
	-65.952615	-23.9689484
	-65.9588059	-23.9686846
	-65.9635412	-23.9704541
	-65.9680474	-23.9729246
	-65.9736263	-23.9750892
	-65.9789564	-23.9766107
	-65.9839174	-23.9764068
	-65.9900083	-23.9731756
	-66.0162057	-23.8903383
	-66.0243915	-23.8152287
	-66.0166268	-23.7932557
	-66.0047487	-23.7595947
	-66.0004768	-23.6771828
	-65.9918801	-23.5111795
	-65.9941811	-23.5123347
	-66.0026011	-23.5129958
	-66.0108323	-23.5104458
	-66.0168404	-23.5050937
	-66.0193177	-23.5011002
	-66.02942	-23.4941498
	-66.0385052	-23.4881791
	-66.0422773	-23.4846721
	-66.0511309	-23.4790985
	-66.0585637	-23.4754181
	-66.0643246	-23.4732649
	-66.0699062	-23.469793
	-66.0740733	-23.4678838
	-66.0754438	-23.4660493
	-66.0883556	-23.459416
	-66.096943	-23.4529161
	-66.1033889	-23.4449317
	-66.1061891	-23.4427553
	-66.1085548	-23.440955
	-66.1117273	-23.4383445
	-66.1144793	-23.4360027
	-66.1171948	-23.4346413
	-66.1189715	-23.4327916
	-66.1208855	-23.4319086
	-66.122571	-23.4319795
	-66.1264698	-23.4313071
	-66.1290287	-23.4317235
	-66.1322248	-23.4300993
	-66.1349965	-23.4277553
	-66.1375184	-23.4266764
	-66.1409602	-23.4254478
	-66.1437581	-23.4246875
	-66.1459511	-23.4234865
	-66.148569	-23.4222618
	-66.1516331	-23.4218168
	-66.1546845	-23.4213209
	-66.1579455	-23.4201251
	-66.161551	-23.4188006
	-66.1631256	-23.4184577
	-66.1652966	-23.4180397
	-66.1669835	-23.4173469
	-66.1706836	-23.4157713
	-66.1745282	-23.4149846
	-66.1771461	-23.4144018
	-66.1795695	-23.4145922
	-66.1827521	-23.4159798
	-66.1848483	-23.4157024
	-66.1853859	-23.4210264
	-66.1877921	-23.4224289
	-66.1955117	-23.4269285
	-66.2046039	-23.433261
	-66.2060137	-23.446103
	-66.2075579	-23.4550658
	-66.2058709	-23.4613367
	-66.2152007	-23.4738313
	-66.2190645	-23.4799963
	-66.2215393	-23.4826919
	-66.2302983	-23.4827588
	-66.235388	-23.4898987
	-66.2391989	-23.4922995
	-66.2458594	-23.5038625
	-66.2532641	-23.5297466
	-66.2573864	-23.5333359
	-66.256381	-23.5406407
	-66.2592232	-23.5461857
	-66.2609913	-23.5567525
	-66.265918	-23.5621183
	-66.2870238	-23.5738167
	-66.2981388	-23.5738245
	-66.3096745	-23.5712442
	-66.316807	-23.5736908
	-66.3277821	-23.596795
	-66.326287	-23.5994737
	-66.3260832	-23.6025647
	-66.324343	-23.6068255
	-66.3243666	-23.6108738
	-66.326021	-23.6138229
	-66.3298449	-23.6170353
	-66.3312974	-23.6176863
	-66.3333982	-23.6201242
	-66.3345568	-23.6228176
	-66.3341449	-23.6266904
	-66.3326342	-23.6299341
	-66.3322072	-23.6571407
	-66.3333596	-23.6601969
	-66.3398398	-23.6657195
	-66.3449913	-23.6676037
	-66.3569672	-23.6774048
	-66.3601859	-23.6847778
	-66.3655417	-23.6904369
	-66.3705306	-23.6943648
	-66.3701423	-23.7177586
	-66.372037	-23.7215718
	-66.372023	-23.7233304
	-66.369108	-23.7286376
	-66.3789484	-23.7489713
	-66.3578598	-23.800765
	-66.357069	-23.8230555
	-66.3563751	-23.8240945
	-66.3562934	-23.8268465
	-66.3574565	-23.8278791
	-66.3605034	-23.8272587
	-66.3636706	-23.8251231
	-66.3690178	-23.824495
	-66.3737814	-23.8254529
	-66.378751	-23.8309018
	-66.3785107	-23.8496885
	-66.3575594	-23.8807478
	-66.3568089	-23.8911455
	-66.357732	-23.8943098
	-66.3589842	-23.9003123
	-66.3607995	-23.9018071
	-66.360828	-23.9035496
	-66.3604345	-23.9059113
	-66.3600569	-23.9096542
	-66.3599024	-23.9125574
	-66.3605118	-23.9155429
	-66.3606448	-23.9198699
	-66.3601813	-23.9229808
	-66.3619452	-23.9266878
	-66.3663697	-23.9316736
	-66.3664169	-23.9346547
	-66.3638678	-23.9379613
	-66.3627176	-23.9414993
	-66.3623056	-23.9457117
	-66.3629322	-23.9484259
	-66.3631124	-23.9516105
	-66.3658676	-23.9563404
	-66.3672709	-23.9589641
	-66.3665604	-23.9609388
	-66.3673217	-23.9642883
	-66.3676543	-23.9691427
	-66.3675705	-23.9712358
	-66.3668506	-23.9735628
	-66.3641338	-23.9755638
	-66.3633099	-23.9786646
	-66.3650522	-23.9810221
	-66.3633529	-23.9836883
	-66.3593274	-23.9842764
	-66.3547268	-23.9843824
	-66.3506627	-23.9820808
	-66.3409853	-23.9832728
	-66.3465129	-23.9875739
	-66.3472295	-23.9897031
	-66.3489848	-23.9908949
	-66.3511648	-23.9954274
	-66.3540573	-23.9995048
	-66.3534776	-24.005758
	-66.3529968	-24.0106278
	-66.352417	-24.0126382
	-66.351461	-24.015193
	-66.3514019	-24.0177752
	-66.3517296	-24.0203972
	-66.3603058	-24.0319634
	-66.3663222	-24.0403402
	-66.3680649	-24.0425931
	-66.368366	-24.0444279
	-66.3682577	-24.0462696
	-66.3684312	-24.0518219
	-66.3678289	-24.0601645
	-66.368713	-24.0651294
	-66.3691078	-24.0699922
	-66.3702536	-24.075325
	-66.3700819	-24.082025
	-66.3673224	-24.0829183
	-66.3642411	-24.084603
	-66.3641124	-24.0883524
	-66.3670093	-24.0914944
	-66.3690476	-24.0956902
	-66.3705814	-24.0998123
	-66.3717835	-24.1023668
	-66.3734699	-24.1056103
	-66.3736884	-24.1087785
	-66.3748901	-24.1117282
	-66.3758227	-24.1133317
	-66.3777306	-24.1166443
	-66.3815542	-24.1216697
	-66.3853779	-24.1242917
	-66.3939643	-24.1276303
	-66.3962603	-24.1260284
	-66.3973932	-24.1226091
	-66.3990154	-24.1199809
	-66.4021268	-24.1161854
	-66.4058905	-24.1138235
	-66.408606	-24.1142114
	-66.4119387	-24.1146875
	-66.4145694	-24.1156672
	-66.4179337	-24.1183923
	-66.4179337	-24.1228715
	-66.4161792	-24.1257304
	-66.4147656	-24.1280389
	-66.4141045	-24.1308536
	-66.4139457	-24.1355025
	-66.4147954	-24.1379776
	-66.4161172	-24.1409461
	-66.4216481	-24.1482169
	-66.4201186	-24.154444
	-66.420433	-24.157734
	-66.4206277	-24.1617903
	-66.4248591	-24.1647504
	-66.4299488	-24.1661678
	-66.4383517	-24.1659955
	-66.4446302	-24.1682782
	-66.4530159	-24.1692805
	-66.45817	-24.171571
	-66.4641825	-24.1765002
	-66.4705425	-24.1806071
	-66.4741517	-24.1813274
	-66.4776236	-24.1829404
	-66.4786761	-24.1856759
	-66.4756107	-24.189721
	-66.4725981	-24.1927196
	-66.468873	-24.1984309
	-66.4705424	-24.2009831
	-66.4722333	-24.2039071
	-66.4751829	-24.2059354
	-66.4792488	-24.2073102
	-66.4812973	-24.2098326
	-66.4831545	-24.2132192
	-66.4868622	-24.2123681
	-66.4884713	-24.2107686
	-66.4912388	-24.2093956
	-66.4933145	-24.2066644
	-66.4957502	-24.2028273
	-66.5000534	-24.1986791
	-66.505441	-24.1973783
	-66.5120268	-24.1974888
	-66.5138425	-24.1983966
	-66.5155243	-24.1997726
	-66.5185507	-24.2015297
	-66.5211727	-24.2027315
	-66.5263073	-24.2045887
	-66.5293308	-24.206025
	-66.533249	-24.2075598
	-66.5353088	-24.2079583
	-66.5374731	-24.2072581
	-66.5382286	-24.2073743
	-66.5402991	-24.2076929
	-66.5436777	-24.2076476
	-66.5468459	-24.2043702
	-66.5465181	-24.201202
	-66.5456442	-24.19858
	-66.5466274	-24.1961766
	-66.54855	-24.1935966
	-66.5508873	-24.1932627
	-66.557091	-24.1919215
	-66.5572101	-24.1876421
	-66.560415	-24.1866151
	-66.5614497	-24.1864748
	-66.5625342	-24.1860679
	-66.5642179	-24.1863806
	-66.5667665	-24.1857539
	-66.5686547	-24.1862236
	-66.5700237	-24.1873589
	-66.5730278	-24.1884551
	-66.5751779	-24.1888035
	-66.579036	-24.1877856
	-66.5845291	-24.1876291
	-66.593713	-24.187081
	-66.5973172	-24.1868026
	-66.6001503	-24.184736
	-66.6036694	-24.1837964
	-66.6089909	-24.18317
	-66.6134541	-24.1832483
	-66.6177456	-24.1828177
	-66.6211788	-24.1818781
	-66.6249554	-24.1796074
	-66.6294186	-24.1780806
	-66.6333668	-24.1772975
	-66.6360025	-24.1768467
	-66.6381733	-24.1764754
	-66.6424648	-24.1751834
	-66.647443	-24.1731475
	-66.6505329	-24.1714248
	-66.6523354	-24.1692322
	-66.653096	-24.1677863
	-66.6533653	-24.1672745
	-66.6550819	-24.1651993
	-66.6577427	-24.1639072
	-66.6610043	-24.1617928
	-66.6644375	-24.1592869
	-66.6672699	-24.1571724
	-66.6684803	-24.1555156
	-66.6689865	-24.1548229
	-66.6707031	-24.1522385
	-66.6739647	-24.1473827
	-66.6761105	-24.1446415
	-66.6764923	-24.1438808
	-66.6761615	-24.1432447
	-66.6766475	-24.1424041
	-66.6794435	-24.1412155
	-66.6800821	-24.140988
	-66.6818577	-24.1402097
	-66.6854969	-24.1384161
	-66.6891104	-24.1372334
	-66.6925479	-24.1367282
	-66.6962687	-24.1364619
	-66.7012468	-24.1358431
	-66.7058259	-24.1345585
	-66.7100745	-24.1328274
	-66.7149059	-24.130582
	-66.7214291	-24.1266654
	-66.7247632	-24.1238852
	-66.7273514	-24.1205944
	-66.7288029	-24.1191946
	-66.730423	-24.1175343
	-66.7311767	-24.1167891
	-66.7312216	-24.1157803
	-66.7319519	-24.1129251
	-66.7337419	-24.1093482
	-66.7334797	-24.1059133
	-66.7380829	-24.0984192
	-66.737759	-24.0973946
	-66.7380972	-24.0966917
	-66.738824	-24.0961268
	-66.7394416	-24.094469
	-66.7399363	-24.0935784
	-66.7404172	-24.0932405
	-66.7407505	-24.0930663
	-66.7405826	-24.0927168
	-66.7405407	-24.0925459
	-66.7407086	-24.09223
	-66.7410629	-24.0920818
	-66.745956	-24.0895786
	-66.7525264	-24.0875609
	-66.7602984	-24.0866637
	-66.7667571	-24.0867068
	-66.7725764	-24.0869575
	-66.7770954	-24.0881055
	-66.7801424	-24.0893631
	-66.782653	-24.090699
	-66.7846914	-24.0918352
	-66.7857962	-24.0927946
	-66.7926486	-24.088268
	-66.8029709	-24.0816872
	-66.8302681	-24.0646009
	-66.8362543	-24.0557243
	-66.8634282	-24.0169341
	-66.8654838	-24.0138257
	-66.8668399	-24.0097526
	-66.8703624	-24.0060231
	-66.8737407	-24.0023079
	-66.8779593	-23.9994028
	-66.8817779	-23.9955319
	-66.8843785	-23.9892508
	-66.8859501	-23.9839393
	-66.8856927	-23.9798652
	-66.8827443	-23.9765167
	-66.8821263	-23.9725287
	-66.8869929	-23.971815
	-66.8910871	-23.9716974
	-66.8956146	-23.9716856
	-66.8990607	-23.9718425
	-66.9025283	-23.9718856
	-66.9071202	-23.9716699
	-66.9116058	-23.9714929
	-66.916874	-23.9722176
	-66.9229732	-23.972964
	-66.9253592	-23.9746188
	-66.9279256	-23.9763206
	-66.9340582	-23.9742972
	-66.93859	-23.9728385
	-66.9421606	-23.9711915
	-66.9456024	-23.9694896
	-66.9496922	-23.9671093
	-66.9517094	-23.9644818
	-66.952323	-23.962074
	-66.9553871	-23.9558109
	-66.9571123	-23.9493671
	-66.9642105	-23.9410443
	-66.9673519	-23.9375181
	-66.9716907	-23.9309871
	-66.9747067	-23.9265414
	-66.9772954	-23.9227023
	-66.97857	-23.9194973
	-66.979291	-23.9166727
	-66.9806033	-23.9128895
	-66.9826283	-23.9070099
	-66.984784	-23.9032059
	-66.9878556	-23.8977856
	-66.9929801	-23.8914908
	-66.9968167	-23.8863034
	-66.9997837	-23.8833945
	-67.0032626	-23.8799072
	-67.0181841	-23.8668015
	-67.1155598	-23.7806803
	-67.2129355	-23.694502