	-68.2960209	-35.9975667
	-68.296774	-36.0482817
	-68.2966368	-36.0963981
	-68.2966228	-36.1430814
	-68.2966588	-36.15954
	-68.2964157	-36.1731752
	-68.2750138	-36.1734875
	-68.2504254	-36.173761
	-68.2500022	-36.2874943
	-68.2499781	-36.3405901
	-68.249954	-36.3936497
	-68.2499299	-36.4466731
	-68.2499058	-36.4996604
	-68.2498818	-36.5526113
	-68.2498577	-36.6055261
	-68.2498336	-36.6584045
	-68.2498095	-36.7112467
	-68.2497854	-36.7640525
	-68.2498002	-36.7996371
	-68.2498525	-36.8421886
	-68.2499048	-36.8847163
	-68.2499572	-36.9272205
	-68.2500096	-36.9697009
	-68.2504681	-37.0258
	-68.2509266	-37.0818576
	-68.2513851	-37.1378739
	-68.2518436	-37.1938487
	-68.2523021	-37.249782
	-68.2527606	-37.3056739
	-68.2532191	-37.3615242
	-68.2536777	-37.417333
	-68.2549427	-37.5711073
	-68.2516357	-37.5740258
	-68.245434	-37.5769983
	-68.2417585	-37.5790194
	-68.2385541	-37.5849585
	-68.2222052	-37.586958
	-68.2165283	-37.5868581
	-68.18545	-37.5863111
	-68.1840584	-37.5862866
	-68.1692687	-37.5841051
	-68.1603445	-37.5827887
	-68.1394836	-37.5859168
	-68.1044772	-37.5949781
	-68.0867406	-37.5923892
	-68.06527	-37.6008951
	-68.0397231	-37.6014734
	-68.0080929	-37.6021894
	-67.9852221	-37.6069965
	-67.9706285	-37.6071649
	-67.9540992	-37.6021941
	-67.9373151	-37.6060825
	-67.9349121	-37.6068626
	-67.9163884	-37.6128765
	-67.9142264	-37.6135784
	-67.8866589	-37.6192039
	-67.88191	-37.6152885
	-67.8700358	-37.6133112
	-67.8691306	-37.6135964
	-67.8349279	-37.6243736
	-67.8184914	-37.6392802
	-67.8030415	-37.6477742
	-67.7872111	-37.6514045
	-67.7807101	-37.6612879
	-67.7705162	-37.6705694
	-67.7666096	-37.6996791
	-67.7662827	-37.702002
	-67.7648294	-37.7045008
	-67.7638309	-37.7072215
	-67.7621029	-37.7081088
	-67.7607498	-37.710155
	-67.7617255	-37.7118656
	-67.7639886	-37.713712
	-67.7637085	-37.7190006
	-67.763945	-37.7201578
	-67.7660699	-37.7220959
	-67.7657552	-37.722552
	-67.7648555	-37.7238569
	-67.7644403	-37.7247687
	-67.7630649	-37.7262091
	-67.7618611	-37.7285661
	-67.761581	-37.7310089
	-67.761816	-37.733282
	-67.7611272	-37.7357239
	-67.7579257	-37.7371797
	-67.7565695	-37.739416
	-67.7564532	-37.7404082
	-67.7571952	-37.7417059
	-67.7606104	-37.7429267
	-67.7604884	-37.7437734
	-67.7547465	-37.7496854
	-67.7505495	-37.7566494
	-67.7490239	-37.7574128
	-67.7478417	-37.7585155
	-67.747765	-37.7594316
	-67.7487611	-37.7613315
	-67.7480926	-37.7623832
	-67.7409653	-37.7646054
	-67.7403612	-37.7656063
	-67.7401182	-37.7676186
	-67.7411751	-37.77084
	-67.7411027	-37.7717043
	-67.7404725	-37.7722973
	-67.7386218	-37.7729829
	-67.7375008	-37.7738381
	-67.7381235	-37.7760038
	-67.7400727	-37.7776998
	-67.7402194	-37.7785478
	-67.7398614	-37.7792036
	-67.7384935	-37.779689
	-67.7366535	-37.7797166
	-67.7359347	-37.7802806
	-67.735562	-37.7814011
	-67.7359832	-37.7822334
	-67.7372478	-37.7831591
	-67.738448	-37.7830673
	-67.7399472	-37.7824428
	-67.7411009	-37.7824537
	-67.7419326	-37.7830412
	-67.7423516	-37.7840466
	-67.7413961	-37.7858552
	-67.7401725	-37.7878101
	-67.7395664	-37.7887301
	-67.7391104	-37.7898365
	-67.7386902	-37.7908456
	-67.7374975	-37.7916002
	-67.7358417	-37.7921261
	-67.7349657	-37.79213
	-67.7341327	-37.7924731
	-67.7333533	-37.7926297
	-67.7325954	-37.7925319
	-67.7320237	-37.7918277
	-67.7320705	-37.7903479
	-67.7318597	-37.7900212
	-67.7309462	-37.7892389
	-67.7294625	-37.7885562
	-67.7284692	-37.7887848
	-67.7271264	-37.7894115
	-67.7254192	-37.7913873
	-67.7246132	-37.7933292
	-67.7250006	-37.7952353
	-67.7237269	-37.7964432
	-67.7219445	-37.797249
	-67.7230716	-37.7979971
	-67.7244814	-37.7997226
	-67.7225648	-37.8044584
	-67.7220708	-37.8064369
	-67.7209051	-37.8076056
	-67.7205259	-37.8086905
	-67.7209243	-37.8094962
	-67.7218482	-37.8138778
	-67.7234435	-37.8167516
	-67.7252655	-37.8175017
	-67.7266368	-37.8169635
	-67.7282286	-37.8161064
	-67.7290507	-37.8166041
	-67.7294133	-37.8173252
	-67.7301739	-37.8232068
	-67.7317071	-37.8246725
	-67.7323921	-37.82692
	-67.7349817	-37.8331479
	-67.7304445	-37.8367924
	-67.7303264	-37.8393156
	-67.7316928	-37.8422853
	-67.7297014	-37.8448922
	-67.729442	-37.8486156
	-67.7298889	-37.8507751
	-67.7322206	-37.8519369
	-67.7366011	-37.8558693
	-67.7430853	-37.8611614
	-67.7446082	-37.8624043
	-67.7593894	-37.8762909
	-67.760964	-37.8773133
	-67.7656041	-37.876642
	-67.7679575	-37.8769245
	-67.769371	-37.8776045
	-67.7705748	-37.8787405
	-67.7706424	-37.8798672
	-67.7709326	-37.8809385
	-67.7721562	-37.8818324
	-67.7728268	-37.8823175
	-67.7729507	-37.8831605
	-67.7725366	-37.8844501
	-67.7725448	-37.8858197
	-67.7731631	-37.8867935
	-67.7742172	-37.8873117
	-67.7758083	-37.8874299
	-67.7788061	-37.8872731
	-67.7789537	-37.8872654
	-67.7800054	-37.8870971
	-67.7808389	-37.8874867
	-67.7817159	-37.8888297
	-67.7821304	-37.8904542
	-67.7821681	-37.8907451
	-67.7819597	-37.8916609
	-67.780959	-37.8930124
	-67.780039	-37.893679
	-67.7791282	-37.8942219
	-67.7783375	-37.8950369
	-67.7784727	-37.8954352
	-67.7796374	-37.8968963
	-67.7802914	-37.8973593
	-67.7812403	-37.897546
	-67.7827779	-37.8974077
	-67.7832627	-37.8972662
	-67.783951	-37.8964716
	-67.7848409	-37.8950975
	-67.7853476	-37.894264
	-67.787804	-37.8930533
	-67.7888663	-37.8928735
	-67.7893261	-37.8929047
	-67.7896887	-37.8932829
	-67.7899991	-37.8944467
	-67.790466	-37.8960098
	-67.7912004	-37.8968939
	-67.7927387	-37.8979852
	-67.7945899	-37.8989806
	-67.7955565	-37.8992638
	-67.7968592	-37.900508
	-67.7979434	-37.9006934
	-67.8034836	-37.8987374
	-67.8051227	-37.8986897
	-67.8059892	-37.8989919
	-67.8068259	-37.9001275
	-67.8071607	-37.9015765
	-67.8070524	-37.9026035
	-67.8070847	-37.9036315
	-67.8073339	-37.903863
	-67.80803	-37.9040266
	-67.8093268	-37.9042307
	-67.8107758	-37.904512
	-67.816616	-37.9031917
	-67.8182488	-37.9031421
	-67.8188586	-37.9033852
	-67.8192861	-37.9043056
	-67.8193958	-37.9053659
	-67.8193211	-37.906503
	-67.8195356	-37.9071753
	-67.8202871	-37.9077962
	-67.8212445	-37.9082132
	-67.8227995	-37.9084556
	-67.8245784	-37.9086787
	-67.8253801	-37.9089847
	-67.8270313	-37.910163
	-67.8275731	-37.9111606
	-67.8280886	-37.9116012
	-67.8297864	-37.9123252
	-67.830557	-37.9126345
	-67.8325539	-37.9127545
	-67.834465	-37.912735
	-67.835398	-37.9129698
	-67.836191	-37.913439
	-67.8368176	-37.914408
	-67.8372038	-37.9154592
	-67.8376	-37.9158037
	-67.8383207	-37.9159217
	-67.8387436	-37.9157977
	-67.8423352	-37.9167698
	-67.8440501	-37.9173013
	-67.8469832	-37.9176177
	-67.8474168	-37.9178891
	-67.847735	-37.9192239
	-67.8479439	-37.9209632
	-67.847486	-37.921521
	-67.8467716	-37.9221861
	-67.844084	-37.9236684
	-67.8435743	-37.9248351
	-67.8436097	-37.9260673
	-67.8443124	-37.9269078
	-67.8457512	-37.9277059
	-67.8471513	-37.9276609
	-67.8511111	-37.9263531
	-67.8516999	-37.9260988
	-67.8523867	-37.9261082
	-67.8527862	-37.9263094
	-67.8532958	-37.9268654
	-67.8534052	-37.9280756
	-67.853801	-37.9292434
	-67.8544517	-37.9301926
	-67.8594111	-37.934331
	-67.8610672	-37.9359951
	-67.8656683	-37.9384358
	-67.8684598	-37.9389401
	-67.8708191	-37.9392557
	-67.8722719	-37.9404479
	-67.8730637	-37.9418069
	-67.8727611	-37.9448265
	-67.8713932	-37.9469264
	-67.8707295	-37.9489285
	-67.8711014	-37.9499578
	-67.8723974	-37.9511828
	-67.8746515	-37.9528284
	-67.8757081	-37.9534361
	-67.8808614	-37.9539399
	-67.882253	-37.9546376
	-67.8832593	-37.956026
	-67.8836798	-37.9574328
	-67.883312	-37.9591963
	-67.8835103	-37.9600493
	-67.8843643	-37.961039
	-67.8858731	-37.9619367
	-67.8899471	-37.9686631
	-67.8913519	-37.9705576
	-67.8930788	-37.9723007
	-67.8939924	-37.9740286
	-67.8952412	-37.9765421
	-67.8959257	-37.9771244
	-67.8975554	-37.9775388
	-67.8990886	-37.9780767
	-67.9016586	-37.9811567
	-67.903004	-37.9846467
	-67.9054846	-37.9865173
	-67.9054834	-37.9874541
	-67.904564	-37.988123
	-67.9022519	-37.9880553
	-67.899942	-37.9885432
	-67.8991126	-37.989152
	-67.898911	-37.9899546
	-67.8998637	-37.9914791
	-67.9006737	-37.9937019
	-67.9000493	-37.9963297
	-67.8991739	-37.9978297
	-67.8890051	-37.9995595
	-67.8884063	-38.0002408
	-67.8883838	-38.0009425
	-67.8893516	-38.0015707
	-67.8903644	-38.0026993
	-67.8923717	-38.0047545
	-67.8928116	-38.0060767
	-67.8927928	-38.007846
	-67.8947342	-38.0114471
	-67.8939542	-38.0129349
	-67.8931325	-38.0135512
	-67.8850332	-38.013748
	-67.8841799	-38.0140914
	-67.8837345	-38.0147818
	-67.8836041	-38.0162217
	-67.8838772	-38.0174101
	-67.8832586	-38.0194663
	-67.881378	-38.0216623
	-67.8808286	-38.023147
	-67.8813409	-38.0247723
	-67.8814239	-38.0257026
	-67.8789945	-38.0296106
	-67.8772038	-38.0328363
	-67.8759164	-38.0343583
	-67.8744176	-38.0351365
	-67.8724769	-38.0356903
	-67.8696947	-38.0359431
	-67.8675565	-38.0364852
	-67.8666354	-38.0375416
	-67.8656581	-38.0396697
	-67.8647589	-38.0404639
	-67.8637032	-38.0408577
	-67.8625472	-38.0414255
	-67.8619447	-38.0422861
	-67.8617961	-38.0431382
	-67.8620666	-38.0443601
	-67.8620011	-38.0447254
	-67.8616057	-38.0450668
	-67.8603183	-38.0455796
	-67.8591483	-38.0457495
	-67.8572959	-38.0455965
	-67.8557542	-38.0455564
	-67.8550981	-38.0459611
	-67.8545692	-38.0468761
	-67.8542162	-38.0481274
	-67.8534499	-38.0488085
	-67.8523408	-38.0493753
	-67.8503533	-38.0496089
	-67.8487762	-38.0495989
	-67.8477183	-38.0500133
	-67.8456472	-38.051028
	-67.8443747	-38.0511897
	-67.8437502	-38.051403
	-67.843548	-38.0516142
	-67.843518	-38.0519783
	-67.8440347	-38.0539526
	-67.8444401	-38.0544533
	-67.8450795	-38.0548017
	-67.848236	-38.0560795
	-67.8493405	-38.0568902
	-67.8503002	-38.059027
	-67.8513578	-38.0637875
	-67.8507519	-38.065261
	-67.8491327	-38.0662591
	-67.8463784	-38.0665877
	-67.8456375	-38.0663805
	-67.8450468	-38.0657248
	-67.8436531	-38.0630213
	-67.8434611	-38.0615908
	-67.8425695	-38.0605855
	-67.8412718	-38.0597613
	-67.8393467	-38.0571525
	-67.8374186	-38.055919
	-67.8358394	-38.0559132
	-67.8339704	-38.0564639
	-67.8329963	-38.0575166
	-67.8322806	-38.0592856
	-67.8312989	-38.0608281
	-67.8302336	-38.0617049
	-67.8291746	-38.0628359
	-67.826404	-38.063657
	-67.8220654	-38.0634394
	-67.82135	-38.0632827
	-67.8206344	-38.0628511
	-67.8193126	-38.0618416
	-67.8183064	-38.0618164
	-67.8168547	-38.062362
	-67.8157829	-38.0634339
	-67.8140515	-38.0652888
	-67.8126145	-38.0699011
	-67.810677	-38.0721399
	-67.8098585	-38.0725618
	-67.8088703	-38.0722159
	-67.8084776	-38.0715562
	-67.8077909	-38.0704996
	-67.8078614	-38.0691614
	-67.8086085	-38.0678871
	-67.8083312	-38.0666594
	-67.8075839	-38.0654334
	-67.8062862	-38.0650712
	-67.8009528	-38.0661155
	-67.797929	-38.0667046
	-67.7952791	-38.0664513
	-67.7945033	-38.0659621
	-67.7951384	-38.0647914
	-67.7965123	-38.0631613
	-67.7968808	-38.0622184
	-67.7965954	-38.0610907
	-67.7954786	-38.0599698
	-67.7942576	-38.0593961
	-67.7916698	-38.0593192
	-67.7888159	-38.0596039
	-67.7860265	-38.0595449
	-67.7848817	-38.0590675
	-67.7843259	-38.0580656
	-67.7846424	-38.0562823
	-67.7852191	-38.0548883
	-67.7854176	-38.0540078
	-67.7852196	-38.0530855
	-67.784445	-38.0520987
	-67.7832945	-38.0517766
	-67.7816598	-38.0521232
	-67.7806137	-38.0531294
	-67.7802696	-38.0543671
	-67.7790227	-38.055435
	-67.7734014	-38.0568249
	-67.7714052	-38.0576229
	-67.7702615	-38.0590886
	-67.7697819	-38.060414
	-67.7682563	-38.0615806
	-67.7663787	-38.0622379
	-67.7658283	-38.0628412
	-67.7654293	-38.063592
	-67.7653225	-38.0641118
	-67.7654088	-38.0646513
	-67.7660472	-38.065642
	-67.7667962	-38.0670434
	-67.7666373	-38.0674099
	-67.765677	-38.0682251
	-67.7637298	-38.0690132
	-67.761879	-38.0687183
	-67.7598066	-38.0679492
	-67.757139	-38.0667545
	-67.7564707	-38.0658178
	-67.7561371	-38.0647949
	-67.7565522	-38.0628942
	-67.7576765	-38.0612562
	-67.758491	-38.0594984
	-67.7579771	-38.0573603
	-67.7554944	-38.0553979
	-67.7530117	-38.0550912
	-67.7513906	-38.0554156
	-67.7504466	-38.0559912
	-67.7484938	-38.0576788
	-67.7473382	-38.0598406
	-67.7457376	-38.0632026
	-67.7454125	-38.0658448
	-67.7461249	-38.0684312
	-67.7476162	-38.0708883
	-67.7474928	-38.0728339
	-67.7471162	-38.0743198
	-67.7467256	-38.0746466
	-67.7444307	-38.0754811
	-67.7408773	-38.0765478
	-67.7383336	-38.0763156
	-67.7357447	-38.0751855
	-67.7336997	-38.0746762
	-67.7315101	-38.0750918
	-67.7304426	-38.0760521
	-67.729875	-38.0772691
	-67.7295638	-38.0788213
	-67.730273	-38.082364
	-67.7301025	-38.0848182
	-67.7289684	-38.0873541
	-67.7278033	-38.0895014
	-67.7265587	-38.0912992
	-67.7261446	-38.0928984
	-67.7266152	-38.0941064
	-67.7280789	-38.0951553
	-67.7301646	-38.095591
	-67.7322214	-38.0951714
	-67.7341805	-38.0950287
	-67.7348757	-38.0953589
	-67.734734	-38.0971817
	-67.7329283	-38.1001153
	-67.7315771	-38.1010457
	-67.7299501	-38.1018023
	-67.7281315	-38.1040622
	-67.7264536	-38.1055055
	-67.7258501	-38.1074303
	-67.725959	-38.1088258
	-67.7274029	-38.1100306
	-67.7302912	-38.1113607
	-67.7306743	-38.1124726
	-67.7307322	-38.1133529
	-67.7301486	-38.1144782
	-67.7266896	-38.1174225
	-67.7204884	-38.1227063
	-67.7200741	-38.1241883
	-67.7207307	-38.1261767
	-67.720617	-38.1282242
	-67.7194433	-38.1299273
	-67.7177138	-38.1307898
	-67.7160766	-38.1308101
	-67.7148835	-38.1300151
	-67.7125918	-38.1271389
	-67.7111692	-38.1252618
	-67.7089805	-38.1236599
	-67.7066685	-38.1233528
	-67.7050645	-38.1240044
	-67.7026956	-38.1253091
	-67.6989426	-38.1263794
	-67.6965974	-38.127431
	-67.6938722	-38.1296354
	-67.6910334	-38.1314094
	-67.6891065	-38.1332373
	-67.686184	-38.1368373
	-67.6817186	-38.1431424
	-67.6747816	-38.1541784
	-67.66834	-38.1700947
	-67.6569654	-38.198192
	-67.6557009	-38.2013148
	-67.5957064	-38.2334088
	-67.4370182	-38.2538538
	-67.3650778	-38.2523452
	-67.3168661	-38.2447656
	-67.2766435	-38.2197016
	-67.2129488	-38.2011889
	-67.1950671	-38.2160175
	-67.1836337	-38.2234403
	-67.1869479	-38.2281339
	-67.1879288	-38.2288556
	-67.1901558	-38.2304939
	-67.1911398	-38.2318919
	-67.1935418	-38.235304
	-67.1936011	-38.2359861
	-67.1942468	-38.2433946
	-67.1943703	-38.2448102
	-67.1945129	-38.2453579
	-67.1955529	-38.2493509
	-67.1956671	-38.2497891
	-67.1964595	-38.2539191
	-67.1928574	-38.2577942
	-67.1893273	-38.2592368
	-67.181557	-38.2611372
	-67.1775843	-38.2617823
	-67.1759507	-38.2612716
	-67.173694	-38.2605661
	-67.1725493	-38.2712838
	-67.172555	-38.279199
	-67.1694197	-38.2806468
	-67.1665795	-38.2814026
	-67.1638637	-38.2815154
	-67.15816	-38.2846265
	-67.1544564	-38.2901153
	-67.1524752	-38.2923206
	-67.1530155	-38.2959675
	-67.1575182	-38.3030348
	-67.1580945	-38.3072182
	-67.1560413	-38.3128147
	-67.1540543	-38.3193807
	-67.1522619	-38.3230461
	-67.1510663	-38.3254915
	-67.14966	-38.334349
	-67.1488822	-38.3392484
	-67.1515838	-38.3437953
	-67.1568744	-38.3499751
	-67.1578429	-38.3525067
	-67.1557487	-38.3547861
	-67.1522273	-38.3569507
	-67.1456823	-38.36048
	-67.1449031	-38.3606327
	-67.1401771	-38.3615592
	-67.1387074	-38.3607006
	-67.133722	-38.3536276
	-67.1300869	-38.3534707
	-67.1274399	-38.3533565
	-67.1268279	-38.3534737
	-67.1185931	-38.3550513
	-67.1153079	-38.3611751
	-67.1128978	-38.3687845
	-67.1058198	-38.3755109
	-67.1045741	-38.3772424
	-67.1021262	-38.3806452
	-67.1010486	-38.3819147
	-67.0985016	-38.3849151
	-67.0960486	-38.3878048
	-67.094247	-38.3899272
	-67.0905257	-38.3989989
	-67.088402	-38.4001288
	-67.0802707	-38.4000342
	-67.0751557	-38.4010222
	-67.070581	-38.4019255
	-67.0646224	-38.4069627
	-67.0611801	-38.4083536
	-67.0570452	-38.4117478
	-67.05258	-38.414175
	-67.0458553	-38.4147371
	-67.0447747	-38.4145395
	-67.0386871	-38.4148217
	-67.0338962	-38.4149911
	-67.0313747	-38.4151887
	-67.0253231	-38.4170796
	-67.013883	-38.4219444
	-67.0075068	-38.4238712
	-67.0043549	-38.430679
	-67.0034994	-38.4352995
	-67.0011774	-38.4371557
	-66.9991318	-38.4387912
	-66.9973758	-38.4435522
	-66.9947642	-38.4462324
	-66.9919248	-38.4465598
	-66.9845268	-38.447413
	-66.9825967	-38.4476356
	-66.9801226	-38.4471551
	-66.9769684	-38.4465424
	-66.9713229	-38.4424721
	-66.9690253	-38.4430027
	-66.9669878	-38.4434732
	-66.9659015	-38.4438799
	-66.9643038	-38.4444781
	-66.9624389	-38.4451763
	-66.9610803	-38.445685
	-66.9546112	-38.4500803
	-66.9511211	-38.4528699
	-66.9429829	-38.451756
	-66.9407828	-38.451049
	-66.9398883	-38.4510643
	-66.9352685	-38.4511433
	-66.9295925	-38.4496866
	-66.9263967	-38.4482282
	-66.9230883	-38.4481363
	-66.9194985	-38.4490551
	-66.9163544	-38.4485957
	-66.9050858	-38.4432165
	-66.8997384	-38.4429625
	-66.8969855	-38.443707
	-66.8952257	-38.4453609
	-66.8952337	-38.4462916
	-66.8952627	-38.4496543
	-66.8952727	-38.4508185
	-66.8951085	-38.4520889
	-66.8942546	-38.4586952
	-66.8932818	-38.4599648
	-66.8922821	-38.4612694
	-66.8917799	-38.4619248
	-66.8887863	-38.4629278
	-66.887014	-38.4635216
	-66.8843789	-38.4616377
	-66.8803691	-38.4612789
	-66.8750404	-38.4624526
	-66.8686173	-38.464841
	-66.864042	-38.4676426
	-66.8594666	-38.4717759
	-66.8559317	-38.4746384
	-66.8549151	-38.4749257
	-66.8519664	-38.4757589
	-66.8492682	-38.4760161
	-66.8458502	-38.4769625
	-66.840315	-38.4763075
	-66.8379672	-38.4760297
	-66.8338933	-38.4757429
	-66.829745	-38.4783732
	-66.8254465	-38.4796369
	-66.8193234	-38.483143
	-66.8124717	-38.484702
	-66.8097375	-38.4846027
	-66.806251	-38.4834031
	-66.8012064	-38.4823746
	-66.7965562	-38.4807204
	-66.794273	-38.4800442
	-66.7901303	-38.479585
	-66.7867354	-38.4800279
	-66.7863908	-38.4800729
	-66.7813315	-38.4838898
	-66.7742681	-38.4936524
	-66.7662736	-38.5036551
	-66.7553345	-38.5070442
	-66.7489085	-38.5124578
	-66.7477655	-38.5134207
	-66.7467433	-38.5169027
	-66.7448708	-38.5177665
	-66.7409732	-38.5184963
	-66.7327117	-38.5196952
	-66.7178208	-38.5197734
	-66.7149892	-38.5205553
	-66.7125241	-38.5236047
	-66.7125241	-38.5256897
	-66.7126239	-38.5259698
	-66.7140565	-38.5299897
	-66.7125241	-38.5318399
	-66.711125	-38.5324914
	-66.7091595	-38.5307715
	-66.7053951	-38.5293903
	-66.6998319	-38.5294945
	-66.6965673	-38.5296509
	-66.6923698	-38.5288691
	-66.6871044	-38.5306736
	-66.6853741	-38.5312666
	-66.6772401	-38.5331309
	-66.675828	-38.5336961
	-66.6705255	-38.5358182
	-66.6658929	-38.5373246
	-66.6591263	-38.5386682
	-66.6545978	-38.534841
	-66.6528801	-38.5346781
	-66.6499882	-38.5350702
	-66.6447252	-38.5376337
	-66.6440985	-38.5380303
	-66.6406566	-38.5396511
	-66.6374559	-38.5411584
	-66.6335833	-38.5439919
	-66.633006	-38.5453603
	-66.6344452	-38.5520091
	-66.6350315	-38.5553645
	-66.6323931	-38.5571151
	-66.6250026	-38.5573287
	-66.6201306	-38.557459
	-66.6165495	-38.5585661
	-66.6149288	-38.558534
	-66.6123262	-38.5582084
	-66.6112489	-38.5575532
	-66.6093834	-38.5578658
	-66.608528	-38.5606576
	-66.6098032	-38.5629037
	-66.6088371	-38.5655345
	-66.6047636	-38.5702519
	-66.6033103	-38.5737391
	-66.6040432	-38.5763955
	-66.6051758	-38.5801457
	-66.6050203	-38.5826974
	-66.6015557	-38.5849629
	-66.5982578	-38.585692
	-66.5967497	-38.5863456
	-66.5951507	-38.5895223
	-66.5956504	-38.5910846
	-66.5957503	-38.5919439
	-66.5989484	-38.5959015
	-66.6003008	-38.5982447
	-66.597869	-38.6011606
	-66.5942712	-38.6047012
	-66.5912052	-38.6117754
	-66.590519	-38.615183
	-66.5873647	-38.6174134
	-66.5799105	-38.6205036
	-66.5779158	-38.6229298
	-66.5821203	-38.6307523
	-66.5836743	-38.6364444
	-66.5871278	-38.6404097
	-66.5940346	-38.6461279
	-66.5973844	-38.6493645
	-66.598006	-38.6537605
	-66.5981442	-38.6593429
	-66.5971084	-38.6614609
	-66.5926052	-38.6682344
	-66.5938337	-38.6723611
	-66.5965515	-38.6752243
	-66.6042785	-38.6751569
	-66.6073003	-38.6757184
	-66.6075161	-38.6780438
	-66.6058582	-38.6797517
	-66.5983211	-38.6833456
	-66.5958347	-38.6840465
	-66.5899639	-38.6890064
	-66.5867306	-38.6907401
	-66.5796703	-38.6907152
	-66.577963	-38.6917805
	-66.5778801	-38.6934408
	-66.5829635	-38.6967184
	-66.5821071	-38.6983786
	-66.578184	-38.7001682
	-66.5746792	-38.7016051
	-66.5725519	-38.701756
	-66.5676066	-38.7007858
	-66.5629375	-38.6992548
	-66.5582133	-38.6965381
	-66.5548151	-38.6974869
	-66.5514169	-38.7010661
	-66.5455876	-38.7076418
	-66.5431011	-38.7114415
	-66.541996	-38.7180433
	-66.5390265	-38.7205046
	-66.537805	-38.7209035
	-66.5346898	-38.7207826
	-66.5277674	-38.7170934
	-66.5244874	-38.715234
	-66.5172544	-38.7167293
	-66.5158503	-38.7174723
	-66.5110932	-38.7182246
	-66.5044745	-38.7183034
	-66.4975245	-38.7182361
	-66.493035	-38.7214357
	-66.4900996	-38.7264201
	-66.4886319	-38.7288448
	-66.4851353	-38.7302928
	-66.48158	-38.7289418
	-66.4793699	-38.7271314
	-66.4756954	-38.7273684
	-66.4742709	-38.7296921
	-66.4753155	-38.7341398
	-66.4766969	-38.7359284
	-66.4754537	-38.7375663
	-66.4728291	-38.738062
	-66.4697072	-38.7363811
	-66.4655255	-38.7322495
	-66.4625262	-38.7325041
	-66.4615316	-38.7353919
	-66.4611594	-38.7360861
	-66.4600045	-38.7365388
	-66.457822	-38.7362828
	-66.4471148	-38.7362538
	-66.4458715	-38.7383011
	-66.4473524	-38.7425398
	-66.4468603	-38.7441408
	-66.4451808	-38.7450889
	-66.4428994	-38.7457858
	-66.4315895	-38.7456258
	-66.4283519	-38.7448179
	-66.419019	-38.7445283
	-66.4160836	-38.7434509
	-66.4131827	-38.7406883
	-66.4116692	-38.7354286
	-66.4106331	-38.7315899
	-66.4090494	-38.7304534
	-66.4064725	-38.7310753
	-66.4050911	-38.732433
	-66.4046578	-38.7351948
	-66.4074187	-38.7391635
	-66.4066011	-38.7426463
	-66.4043056	-38.7441424
	-66.4010353	-38.743333
	-66.3989599	-38.7422048
	-66.3945576	-38.7400955
	-66.3890861	-38.7389427
	-66.387105	-38.7393597
	-66.3816021	-38.7422048
	-66.3733635	-38.7454913
	-66.3703447	-38.7453687
	-66.3662254	-38.7444122
	-66.3562258	-38.7454668
	-66.3528611	-38.7475268
	-66.3468865	-38.7564042
	-66.3413521	-38.7579245
	-66.3337109	-38.7557421
	-66.3271998	-38.749734
	-66.3243501	-38.7482396
	-66.3210456	-38.7484165
	-66.318184	-38.7516537
	-66.3187186	-38.7580049
	-66.3185299	-38.7593535
	-66.3163602	-38.7611435
	-66.3131842	-38.7616339
	-66.3098825	-38.7576371
	-66.3111717	-38.7526101
	-66.3143792	-38.7480241
	-66.313593	-38.7451302
	-66.3101026	-38.7433153
	-66.3065807	-38.743021
	-66.3002288	-38.7434379
	-66.2945057	-38.7442228
	-66.2908581	-38.7467489
	-66.2907637	-38.7503049
	-66.2917071	-38.7525855
	-66.2916442	-38.7552094
	-66.2890342	-38.7559941
	-66.2847262	-38.7545228
	-66.2762596	-38.7477207
	-66.272722	-38.7444251
	-66.2702017	-38.7440546
	-66.2685413	-38.7448394
	-66.2624535	-38.7446236
	-66.2550828	-38.7441723
	-66.249505	-38.7374305
	-66.2477833	-38.7357173
	-66.2282244	-38.7362815
	-66.2183505	-38.7412115
	-66.2148601	-38.7394946
	-66.2122187	-38.7351777
	-66.2080365	-38.7316454
	-66.2047033	-38.7315473
	-66.2020933	-38.7334361
	-66.2003009	-38.7363551
	-66.1977224	-38.7369683
	-66.1942949	-38.7370173
	-66.1904586	-38.7357664
	-66.1871254	-38.7332399
	-66.1833834	-38.7313266
	-66.1809062	-38.7308846
	-66.1749694	-38.7358494
	-66.1742398	-38.7397738
	-66.1787176	-38.7439335
	-66.1774095	-38.7450715
	-66.1756234	-38.744993
	-66.1693092	-38.7400485
	-66.1631962	-38.7375958
	-66.1598709	-38.732051
	-66.1572432	-38.7296026
	-66.1542245	-38.7289157
	-66.14847	-38.731516
	-66.1453569	-38.7347048
	-66.1409231	-38.7358331
	-66.1345272	-38.7387814
	-66.1325194	-38.7394559
	-66.1294252	-38.7380824
	-66.1251235	-38.7333729
	-66.1200922	-38.7339419
	-66.1195891	-38.7352763
	-66.122155	-38.7396325
	-66.1197652	-38.743184
	-66.1182055	-38.7430074
	-66.1166206	-38.7423991
	-66.1159163	-38.7405351
	-66.1161175	-38.7380235
	-66.114583	-38.7362182
	-66.1109102	-38.7360612
	-66.1094087	-38.7357718
	-66.108676	-38.734511
	-66.1105627	-38.7322347
	-66.110135	-38.7303115
	-66.1059591	-38.7275444
	-66.102563	-38.7278388
	-66.1001229	-38.7296836
	-66.0971293	-38.7304489
	-66.0907144	-38.73039
	-66.0870353	-38.7257536
	-66.0845826	-38.7250913
	-66.0819098	-38.7266613
	-66.0763754	-38.7334808
	-66.0766762	-38.7404418
	-66.0763065	-38.7435559
	-66.069345	-38.7475054
	-66.0664333	-38.7491184
	-66.0635759	-38.7517288
	-66.0590313	-38.751177
	-66.0569892	-38.7494727
	-66.0567766	-38.7445315
	-66.0551278	-38.7432204
	-66.0532338	-38.7428977
	-66.0485749	-38.7447485
	-66.0459625	-38.7480425
	-66.0398232	-38.7488745
	-66.0345983	-38.744392
	-66.0321382	-38.7396545
	-66.0306143	-38.7393318
	-66.0307232	-38.7428977
	-66.0328784	-38.7480255
	-66.0339887	-38.750029
	-66.0324648	-38.7511666
	-66.0259119	-38.7512175
	-66.0211877	-38.7491801
	-66.0193808	-38.7470238
	-66.0193372	-38.7428977
	-66.0188365	-38.7410129
	-66.0167901	-38.7421166
	-66.0134592	-38.7444429
	-66.0088439	-38.7453598
	-66.0057525	-38.7453259
	-66.000484	-38.7464974
	-65.9932345	-38.7474652
	-65.9874327	-38.7469219
	-65.9807655	-38.7443113
	-65.9774999	-38.7452664
	-65.9704789	-38.7467946
	-65.9608952	-38.7465138
	-65.9515747	-38.7472301
	-65.9468465	-38.7486892
	-65.9441592	-38.7515013
	-65.9446014	-38.7538357
	-65.9506563	-38.7595654
	-65.9496698	-38.7637032
	-65.9461321	-38.7682916
	-65.9404514	-38.7701482
	-65.9352469	-38.7689547
	-65.929124	-38.7643132
	-65.9253822	-38.7642867
	-65.922933	-38.7654803
	-65.9226949	-38.7691138
	-65.9253822	-38.7714477
	-65.9287158	-38.7724555
	-65.92926	-38.7742588
	-65.9277633	-38.775187
	-65.9256883	-38.7748953
	-65.922899	-38.7720046
	-65.9214023	-38.7710499
	-65.9175206	-38.7694533
	-65.9134974	-38.7651215
	-65.9113745	-38.7659935
	-65.9110344	-38.7690701
	-65.9098098	-38.7724118
	-65.9109323	-38.7771057
	-65.9129308	-38.7804868
	-65.912293	-38.7840334
	-65.9058299	-38.7840666
	-65.9024708	-38.7828733
	-65.893669	-38.7781665
	-65.8852075	-38.7764759
	-65.8806153	-38.7774372
	-65.8763207	-38.7775698
	-65.8738971	-38.7795587
	-65.8750451	-38.7825087
	-65.8792546	-38.7840997
	-65.8818909	-38.7870496
	-65.8824862	-38.7897342
	-65.8804027	-38.7920872
	-65.8752152	-38.7930152
	-65.8730892	-38.7924849
	-65.8693899	-38.7891707
	-65.8665666	-38.789031
	-65.8647787	-38.7894775
	-65.8604994	-38.7934089
	-65.8607715	-38.7961927
	-65.8645473	-38.7995331
	-65.8633228	-38.8000103
	-65.8618606	-38.799841
	-65.85627	-38.7985108
	-65.8534202	-38.795992
	-65.8505628	-38.7936166
	-65.8488756	-38.7905835
	-65.8444943	-38.787529
	-65.8435419	-38.7875926
	-65.839732	-38.7865108
	-65.8343983	-38.7868502
	-65.8294999	-38.7897562
	-65.828874	-38.7943377
	-65.8273501	-38.7972222
	-65.8233226	-38.7993855
	-65.8196488	-38.7991734
	-65.8178528	-38.7958224
	-65.8168663	-38.7927708
	-65.8203955	-38.7903515
	-65.8204805	-38.7891915
	-65.8187117	-38.788737
	-65.8172313	-38.7891952
	-65.8147277	-38.7911466
	-65.8087844	-38.7928604
	-65.8045173	-38.7937937
	-65.8033319	-38.7961241
	-65.8053729	-38.7993385
	-65.8090721	-38.8010617
	-65.8102202	-38.8020558
	-65.8103052	-38.8032819
	-65.8083321	-38.8056316
	-65.8012567	-38.8074129
	-65.7985899	-38.8036382
	-65.7923037	-38.7994179
	-65.7902355	-38.7962577
	-65.7872624	-38.7953033
	-65.7851534	-38.7978749
	-65.787071	-38.7999176
	-65.7867934	-38.8022812
	-65.7836639	-38.8084576
	-65.775466	-38.8125926
	-65.7658032	-38.8126837
	-65.7610728	-38.8147544
	-65.7535255	-38.8162038
	-65.7524093	-38.8148372
	-65.7519309	-38.8123109
	-65.7498738	-38.8101958
	-65.747275	-38.8111129
	-65.7419344	-38.8177921
	-65.7331412	-38.8168877
	-65.7273079	-38.8182853
	-65.7198897	-38.8180702
	-65.7173667	-38.8185889
	-65.7153597	-38.820285
	-65.7126384	-38.8254264
	-65.7108695	-38.8245783
	-65.707706	-38.8216897
	-65.7064474	-38.8173962
	-65.7036241	-38.8160975
	-65.7000183	-38.8167866
	-65.6989298	-38.8178998
	-65.6973991	-38.8215042
	-65.6963106	-38.8322897
	-65.6933446	-38.8337557
	-65.6912421	-38.8345685
	-65.6836225	-38.8314683
	-65.674234	-38.8319718
	-65.6651516	-38.8265659
	-65.6607635	-38.8278909
	-65.6518512	-38.8273609
	-65.6479054	-38.8246578
	-65.6462726	-38.819596
	-65.6496018	-38.8147239
	-65.6496018	-38.812137
	-65.6464995	-38.8093167
	-65.6417627	-38.8089718
	-65.6384674	-38.8116224
	-65.6372981	-38.8157639
	-65.6340028	-38.8174204
	-65.6310795	-38.8173375
	-65.6294318	-38.8161366
	-65.6281626	-38.8149754
	-65.6271081	-38.8106285
	-65.6328568	-38.8049824
	-65.6317194	-38.8027888
	-65.6276056	-38.8022586
	-65.6240339	-38.8035509
	-65.621185	-38.8075272
	-65.6177408	-38.8085543
	-65.6148069	-38.8081898
	-65.6132337	-38.8063675
	-65.6132337	-38.8026563
	-65.6119972	-38.8011081
	-65.6095752	-38.8001325
	-65.6086228	-38.7990721
	-65.6080513	-38.7974603
	-65.6094392	-38.7954666
	-65.6104733	-38.7956151
	-65.6142014	-38.7931123
	-65.6187732	-38.7921578
	-65.6230185	-38.7917336
	-65.6246785	-38.790058
	-65.6246513	-38.788658
	-65.6234539	-38.7869823
	-65.6201339	-38.7853489
	-65.6163785	-38.7848611
	-65.6117523	-38.7853277
	-65.6079424	-38.7848823
	-65.6074526	-38.7837156
	-65.6050579	-38.7827185
	-65.6038605	-38.7813609
	-65.6038061	-38.7789425
	-65.6028681	-38.7776874
	-65.6007038	-38.7764391
	-65.5915058	-38.7764391
	-65.5897913	-38.7759936
	-65.5876959	-38.7749541
	-65.5826343	-38.7745934
	-65.5793688	-38.7750177
	-65.5747153	-38.7768422
	-65.5727347	-38.7786128
	-65.573302	-38.781608
	-65.5718064	-38.7838995
	-65.5680932	-38.7850452
	-65.5654726	-38.7839623
	-65.5615274	-38.7810878
	-65.5574274	-38.7828768
	-65.5535079	-38.7826557
	-65.5492274	-38.7822738
	-65.5445343	-38.7804647
	-65.5402908	-38.7802298
	-65.5345505	-38.7819077
	-65.5318688	-38.7813449
	-65.5259483	-38.7789166
	-65.5220223	-38.7796362
	-65.5186379	-38.7823248
	-65.5177676	-38.7847369
	-65.5160593	-38.7862696
	-65.5111277	-38.7876514
	-65.5087424	-38.789988
	-65.5071308	-38.7941835
	-65.5058093	-38.7962937
	-65.499814	-38.799057
	-65.4901119	-38.8024231
	-65.4856316	-38.8025236
	-65.4809798	-38.8050194
	-65.4756369	-38.8068681
	-65.4720474	-38.8074146
	-65.469884	-38.8059337
	-65.4660805	-38.8057328
	-65.4621804	-38.8062854
	-65.4600852	-38.808772
	-65.4594728	-38.8125143
	-65.4572165	-38.8150761
	-65.4547991	-38.8158547
	-65.4518659	-38.8156537
	-65.4494162	-38.8153021
	-65.4466764	-38.8159802
	-65.4393274	-38.8160305
	-65.4331065	-38.8161058
	-65.4301411	-38.8175122
	-65.4286583	-38.8203249
	-65.4202456	-38.8215554
	-65.4156915	-38.8223817
	-65.4121763	-38.8247603
	-65.4109716	-38.8270488
	-65.4092718	-38.8285659
	-65.4074399	-38.8293244
	-65.4034957	-38.8289516
	-65.4014658	-38.8281802
	-65.397373	-38.8289002
	-65.3947985	-38.8300058
	-65.3918445	-38.8304558
	-65.3892535	-38.8312786
	-65.3879167	-38.8350324
	-65.3865181	-38.8383425
	-65.38474	-38.8445686
	-65.38386	-38.847921
	-65.3815501	-38.851293
	-65.3786331	-38.8545477
	-65.37525	-38.8560417
	-65.3703197	-38.8557365
	-65.3672872	-38.8547887
	-65.3657607	-38.8532304
	-65.3632646	-38.8522504
	-65.3604178	-38.8495996
	-65.358458	-38.848475
	-65.354621	-38.848234
	-65.3507016	-38.847495
	-65.3440797	-38.8470934
	-65.3393556	-38.8463382
	-65.3367553	-38.8449378
	-65.3352917	-38.8428678
	-65.334446	-38.8411807
	-65.3275146	-38.8379671
	-65.3258708	-38.8370492
	-65.3205782	-38.8347343
	-65.3179705	-38.8338517
	-65.3141071	-38.8338068
	-65.3125909	-38.8316816
	-65.308001	-38.8302956
	-65.3056544	-38.8301248
	-65.2972417	-38.828568
	-65.2935309	-38.8278838
	-65.2862846	-38.8252512
	-65.2800475	-38.822401
	-65.2706195	-38.8219616
	-65.2666984	-38.8220243
	-65.2622664	-38.8249122
	-65.2580761	-38.8286788
	-65.2569077	-38.8310642
	-65.255014	-38.8319431
	-65.2527174	-38.8314409
	-65.2498165	-38.8306248
	-65.2455054	-38.8313781
	-65.2397035	-38.8313781
	-65.2334623	-38.8330817
	-65.2253889	-38.8336026
	-65.2229544	-38.8337597
	-65.2199223	-38.8341538
	-65.2178787	-38.8372016
	-65.216509	-38.8381015
	-65.2151062	-38.8380757
	-65.2116234	-38.8367429
	-65.2090479	-38.8338016
	-65.2067529	-38.8317327
	-65.2045353	-38.8317527
	-65.200719	-38.8322348
	-65.1966963	-38.8326265
	-65.1933054	-38.8360663
	-65.1912748	-38.8364178
	-65.1892119	-38.8350369
	-65.1869878	-38.8326516
	-65.1859644	-38.8309897
	-65.1858677	-38.8286294
	-65.1864479	-38.8262377
	-65.1889862	-38.8231929
	-65.1900741	-38.8182331
	-65.1915246	-38.8147171
	-65.1930556	-38.8122997
	-65.1916857	-38.8104474
	-65.1890668	-38.8095683
	-65.1837887	-38.8100079
	-65.1798805	-38.8097253
	-65.1755291	-38.8088148
	-65.1726281	-38.807245
	-65.1706942	-38.8046704
	-65.1696869	-38.8027237
	-65.1671889	-38.8022213
	-65.1597754	-38.8034458
	-65.156673	-38.8052983
	-65.1560057	-38.8065741
	-65.1554642	-38.8095369
	-65.1522306	-38.8127307
	-65.1476304	-38.814531
	-65.1437805	-38.817168
	-65.1420077	-38.8181412
	-65.1400069	-38.8185249
	-65.1371323	-38.817903
	-65.1354239	-38.8169487
	-65.1321684	-38.8148893
	-65.1301297	-38.8119696
	-65.1300491	-38.8076684
	-65.1290418	-38.8060671
	-65.1261409	-38.8051252
	-65.1221924	-38.8055333
	-65.11909	-38.8060357
	-65.116874	-38.8046542
	-65.1161085	-38.8027703
	-65.1155041	-38.8011061
	-65.1131672	-38.8001641
	-65.1115524	-38.8001399
	-65.108977	-38.8001013
	-65.1057134	-38.8012631
	-65.1015635	-38.8009805
	-65.0977761	-38.8006979
	-65.0941902	-38.8012945
	-65.0916922	-38.8034611
	-65.0899194	-38.8069776
	-65.0891136	-38.8084219
	-65.0835534	-38.8087358
	-65.0785574	-38.8093638
	-65.073239	-38.8101487
	-65.0685061	-38.811747
	-65.0642192	-38.8108177
	-65.0595454	-38.8115963
	-65.0555808	-38.813706
	-65.0516162	-38.8122996
	-65.049102	-38.8124251
	-65.0458143	-38.8146855
	-65.0427199	-38.815439
	-65.0373693	-38.8162929
	-65.0335336	-38.8175737
	-65.0308583	-38.8179755
	-65.0283764	-38.8175486
	-65.0260234	-38.8169207
	-65.0224778	-38.8150371
	-65.0189644	-38.8139823
	-65.0143552	-38.8162426
	-65.0089401	-38.817423
	-65.0055563	-38.8180488
	-65.0046175	-38.8188994
	-65.0033316	-38.8195828
	-64.9991736	-38.8198088
	-64.9971107	-38.8187791
	-64.9930493	-38.8189801
	-64.9896649	-38.8181764
	-64.9847978	-38.8196581
	-64.9825012	-38.8206438
	-64.9793876	-38.8209936
	-64.9731151	-38.8208932
	-64.966978	-38.821295
	-64.9606862	-38.8227414
	-64.958417	-38.8231232
	-64.9573174	-38.823197
	-64.9562767	-38.8235517
	-64.9534661	-38.8249111
	-64.9486698	-38.8265986
	-64.9458849	-38.8272414
	-64.9387164	-38.8299533
	-64.9348485	-38.8301542
	-64.9334719	-38.8304179
	-64.9317025	-38.8307568
	-64.9253334	-38.8335087
	-64.9144774	-38.8332827
	-64.910964	-38.8325044
	-64.9083209	-38.8299935
	-64.9068382	-38.8277838
	-64.9028091	-38.8270054
	-64.8990379	-38.826252
	-64.8952989	-38.8275578
	-64.8913343	-38.8271058
	-64.8888846	-38.824896
	-64.8870796	-38.8216817
	-64.8845332	-38.8195973
	-64.8812455	-38.8158554
	-64.8790536	-38.8153782
	-64.8767329	-38.8146499
	-64.8754113	-38.8152024
	-64.8746427	-38.815693
	-64.8708304	-38.817056
	-64.8674473	-38.8182519
	-64.8648893	-38.8201291
	-64.8583804	-38.8234343
	-64.8560515	-38.8247213
	-64.8518371	-38.8255939
	-64.8494519	-38.8264979
	-64.846551	-38.8268997
	-64.8336659	-38.8261338
	-64.8287504	-38.8259141
	-64.824258	-38.8243682
	-64.8206157	-38.822083
	-64.818714	-38.8208525
	-64.8164992	-38.8204266
	-64.8143667	-38.818485
	-64.8102087	-38.8166266
	-64.8079524	-38.8162498
	-64.8055027	-38.8167019
	-64.8040522	-38.8185603
	-64.8014091	-38.8205192
	-64.7987983	-38.8213981
	-64.7947047	-38.821373
	-64.7913203	-38.8222519
	-64.7886128	-38.8235578
	-64.7856474	-38.8258178
	-64.7818439	-38.8276509
	-64.7773958	-38.8291826
	-64.7738824	-38.8297601
	-64.7711104	-38.8300112
	-64.7671291	-38.830058
	-64.7639935	-38.8307972
	-64.7597646	-38.8328702
	-64.7539679	-38.8344932
	-64.7473731	-38.8364265
	-64.743763	-38.837255
	-64.7375099	-38.841021
	-64.7278078	-38.8412469
	-64.7231985	-38.8412971
	-64.7192215	-38.8415721
	-64.7123237	-38.8389862
	-64.7081765	-38.8378604
	-64.7032772	-38.8375591
	-64.6992803	-38.8381617
	-64.6955736	-38.8417519
	-64.6937395	-38.8432915
	-64.6913188	-38.8433084
	-64.6893849	-38.8424297
	-64.6860386	-38.8401144
	-64.6838932	-38.8389832
	-64.6820118	-38.8386361
	-64.6797509	-38.8386361
	-64.6759286	-38.8366893
	-64.6724461	-38.8338193
	-64.6701852	-38.8340121
	-64.6652012	-38.8356833
	-64.661587	-38.8368145
	-64.6560497	-38.8378987
	-64.654243	-38.8386802
	-64.6527507	-38.8381172
	-64.6512584	-38.8386802
	-64.6506988	-38.8391706
	-64.6506056	-38.8407506
	-64.6444965	-38.8460172
	-64.6423048	-38.8466165
	-64.6398332	-38.8466528
	-64.6356128	-38.8451637
	-64.6322319	-38.8461988
	-64.6302499	-38.8497399
	-64.6304132	-38.8511926
	-64.6298069	-38.8526453
	-64.6279882	-38.8531174
	-64.621716	-38.8527361
	-64.6158358	-38.8509044
	-64.6107629	-38.8495311
	-64.6051202	-38.8479149
	-64.6024155	-38.8493132
	-64.6015994	-38.8566672
	-64.5970759	-38.8590821
	-64.5923426	-38.859881
	-64.588472	-38.8593182
	-64.5798149	-38.8559679
	-64.5737124	-38.8550104
	-64.5703424	-38.8560388
	-64.5651508	-38.8602943
	-64.562054	-38.8611454
	-64.5575455	-38.8616419
	-64.5543141	-38.8610394
	-64.5511313	-38.8591473
	-64.5461648	-38.8603093
	-64.5426906	-38.8650843
	-64.5386335	-38.8660828
	-64.5362595	-38.8648222
	-64.5375711	-38.8604534
	-64.5368053	-38.8595861
	-64.535968	-38.8586378
	-64.5328348	-38.8589215
	-64.5285722	-38.8605953
	-64.5252569	-38.8603683
	-64.5223641	-38.8612081
	-64.5190123	-38.8674036
	-64.5119298	-38.868924
	-64.5080243	-38.8676078
	-64.5025448	-38.8678574
	-64.4974807	-38.866893
	-64.4905585	-38.8651909
	-64.4857494	-38.8651058
	-64.4812755	-38.8652023
	-64.4781568	-38.8632052
	-64.4769327	-38.8605045
	-64.4751839	-38.8603229
	-64.4676643	-38.8634095
	-64.4605235	-38.8693551
	-64.4570551	-38.8694459
	-64.4550732	-38.8669951
	-64.4507887	-38.8671312
	-64.4453384	-38.8683113
	-64.4434483	-38.8696864
	-64.4410073	-38.8706792
	-64.4390035	-38.8731753
	-64.4325549	-38.8785359
	-64.430369	-38.8793301
	-64.4280373	-38.879245
	-64.42658	-38.8777418
	-64.426835	-38.8749055
	-64.4240661	-38.8718138
	-64.4198399	-38.8721826
	-64.4150673	-38.8765789
	-64.4139379	-38.880266
	-64.4143751	-38.8824214
	-64.4129178	-38.8838394
	-64.4070885	-38.8824498
	-64.4005398	-38.8734731
	-64.3974886	-38.8730831
	-64.3935265	-38.8742531
	-64.3914772	-38.8769476
	-64.3928434	-38.8792875
	-64.3975796	-38.884357
	-64.3978984	-38.8857395
	-64.3941185	-38.8881145
	-64.3906575	-38.8885399
	-64.387333	-38.8879728
	-64.383462	-38.8859876
	-64.3800465	-38.8865548
	-64.3789079	-38.8876892
	-64.3798643	-38.8899932
	-64.3795058	-38.8913019
	-64.3775006	-38.8922275
	-64.3735833	-38.8919371
	-64.3708902	-38.891024
	-64.3676842	-38.8877913
	-64.3669191	-38.8826299
	-64.3648789	-38.8828851
	-64.3605434	-38.8858912
	-64.3585032	-38.8909673
	-64.3561715	-38.8912509
	-64.352929	-38.8902584
	-64.3516174	-38.8888405
	-64.3508523	-38.8865151
	-64.350743	-38.8839911
	-64.3500144	-38.8834523
	-64.3477555	-38.883821
	-64.3455696	-38.8853524
	-64.344003	-38.8891808
	-64.3441852	-38.8931791
	-64.3359878	-38.8966952
	-64.3338559	-38.9002
	-64.3315607	-38.9041977
	-64.3284093	-38.905991
	-64.3217603	-38.9070187
	-64.3173684	-38.906413
	-64.3133608	-38.905364
	-64.3026132	-38.9000337
	-64.3004865	-38.8997077
	-64.2953221	-38.8972752
	-64.2920286	-38.8984775
	-64.2907462	-38.9007231
	-64.2918246	-38.9026511
	-64.2914894	-38.9056847
	-64.2885748	-38.90903
	-64.2829278	-38.9111279
	-64.2786037	-38.9137218
	-64.2673096	-38.9163014
	-64.2630105	-38.914799
	-64.2588208	-38.9165849
	-64.2559266	-38.919246
	-64.2521514	-38.9205409
	-64.2372526	-38.9245751
	-64.2349777	-38.9244663
	-64.231298	-38.9237506
	-64.2264551	-38.9273033
	-64.2148056	-38.9314995
	-64.2098028	-38.9337035
	-64.2073779	-38.9371717
	-64.2057744	-38.9404572
	-64.2024451	-38.9421673
	-64.197209	-38.9429821
	-64.189654	-38.9455975
	-64.1869817	-38.9484898
	-64.1818502	-38.9487088
	-64.1649229	-38.9572737
	-64.1610587	-38.9584534
	-64.1538309	-38.9624921
	-64.150702	-38.9637086
	-64.1473853	-38.9641222
	-64.1450387	-38.9625895
	-64.1412214	-38.9628814
	-64.1387808	-38.9638789
	-64.1358397	-38.969085
	-64.1340562	-38.9699608
	-64.130896	-38.9694256
	-64.126891	-38.9682579
	-64.1150324	-38.9746313
	-64.1104849	-38.9757252
	-64.1084606	-38.9761832
	-64.1024738	-38.9783233
	-64.1008426	-38.980488
	-64.099517	-38.9821602
	-64.0966071	-38.98396
	-64.0917074	-38.9869797
	-64.0892662	-38.9881717
	-64.0834511	-38.9899172
	-64.0770536	-38.9904542
	-64.0761481	-38.9903961
	-64.0721307	-38.9901385
	-64.0668865	-38.9910658
	-64.0645737	-38.9914748
	-64.0624305	-38.9928755
	-64.0625905	-38.9945312
	-64.0654374	-38.9985586
	-64.066397	-39.0033563
	-64.0657572	-39.0069357
	-64.0631662	-39.0100427
	-64.0599675	-39.010515
	-64.0578563	-39.0095953
	-64.0565129	-39.0047235
	-64.0487079	-38.9993789
	-64.0457331	-38.9992298
	-64.0373524	-39.0014671
	-64.0290676	-39.0023123
	-64.0237897	-39.0001993
	-64.0171043	-39.000075
	-64.0100351	-39.0026603
	-64.0084037	-39.007234
	-64.0100953	-39.0094401
	-64.0181839	-39.0101088
	-64.0207571	-39.0162294
	-64.0132951	-39.017953
	-64.0109858	-39.0180678
	-64.0092648	-39.0167305
	-64.002226	-39.0133241
	-63.9946429	-39.0106497
	-63.9907169	-39.0114019
	-63.98948	-39.0140763
	-63.9921152	-39.0184639
	-63.9996983	-39.0237702
	-64.0016344	-39.0250654
	-64.0021184	-39.0269873
	-64.0021722	-39.0312069
	-63.9988916	-39.0352591
	-63.9946429	-39.0361364
	-63.9900716	-39.0361364
	-63.9871674	-39.0391023
	-63.9858014	-39.0390605
	-63.982566	-39.0377772
	-63.9771785	-39.0397269
	-63.9663324	-39.043103
	-63.9612448	-39.0441973
	-63.9583621	-39.0462357
	-63.9579749	-39.0492095
	-63.9597819	-39.051281
	-63.9573726	-39.0536867
	-63.954533	-39.0546222
	-63.9526571	-39.0547959
	-63.9490252	-39.0576836
	-63.9420129	-39.0579271
	-63.935734	-39.0593636
	-63.9292803	-39.0658445
	-63.9267419	-39.0723916
	-63.9260965	-39.0749134
	-63.9274948	-39.0794224
	-63.933572	-39.0855591
	-63.9361973	-39.0872053
	-63.9361122	-39.0920966
	-63.9300567	-39.0946578
	-63.9257291	-39.0929967
	-63.9227655	-39.0910982
	-63.9206958	-39.0890719
	-63.9187671	-39.0881043
	-63.9169325	-39.0866803
	-63.9137103	-39.0862787
	-63.9119463	-39.0872645
	-63.905784	-39.0931873
	-63.9050314	-39.0951733
	-63.9042336	-39.0981523
	-63.9027283	-39.1007807
	-63.9022918	-39.1040047
	-63.9014488	-39.1053831
	-63.8987694	-39.1071118
	-63.895518	-39.1079878
	-63.8934106	-39.1077893
	-63.8910022	-39.1063175
	-63.8885636	-39.1048574
	-63.8856283	-39.1042267
	-63.8829037	-39.1041566
	-63.8796222	-39.1055349
	-63.8768525	-39.1073688
	-63.8737365	-39.1079178
	-63.870455	-39.1075557
	-63.8688895	-39.1063059
	-63.8686938	-39.1051027
	-63.8699282	-39.1029534
	-63.8727581	-39.1018671
	-63.8769579	-39.1029651
	-63.8785685	-39.1028132
	-63.8793513	-39.1020189
	-63.8795168	-39.1003952
	-63.8789147	-39.0986663
	-63.8770933	-39.0975799
	-63.873285	-39.095921
	-63.869597	-39.0965635
	-63.8666316	-39.0985845
	-63.8640877	-39.1011428
	-63.8619803	-39.104764
	-63.861333	-39.1071936
	-63.8592378	-39.1100046
	-63.8540193	-39.1113163
	-63.8498365	-39.1106557
	-63.8465098	-39.1092774
	-63.844568	-39.1080744
	-63.842024	-39.1087284
	-63.8406091	-39.1107141
	-63.8401876	-39.1134938
	-63.8382006	-39.1168107
	-63.834618	-39.119053
	-63.8327515	-39.1207814
	-63.8317881	-39.123736
	-63.8331579	-39.125149
	-63.8348739	-39.1273793
	-63.8362889	-39.1307073
	-63.8369512	-39.1338716
	-63.8367555	-39.1355879
	-63.8343923	-39.1365687
	-63.8320139	-39.1362885
	-63.8295302	-39.1340817
	-63.8267755	-39.1317114
	-63.8241262	-39.1291776
	-63.8207031	-39.1277251
	-63.8111187	-39.1242127
	-63.7997408	-39.124304
	-63.7945958	-39.1232548
	-63.7915382	-39.1214985
	-63.7914794	-39.119286
	-63.791891	-39.1163435
	-63.7938589	-39.1147782
	-63.7977125	-39.1123255
	-63.7984651	-39.1101997
	-63.7983447	-39.1085996
	-63.7966889	-39.1078053
	-63.7944159	-39.1076768
	-63.7906828	-39.1080039
	-63.7886205	-39.1091719
	-63.7866486	-39.1119167
	-63.7856438	-39.1139217
	-63.7834094	-39.1172749
	-63.7818101	-39.1222656
	-63.7790309	-39.126885
	-63.7772397	-39.1288818
	-63.7745602	-39.1296642
	-63.7704809	-39.1300145
	-63.7683133	-39.1303531
	-63.7658898	-39.1296525
	-63.7635265	-39.1278893
	-63.7618858	-39.1271536
	-63.7586645	-39.1273755
	-63.7575656	-39.1286833
	-63.756813	-39.1315207
	-63.7558947	-39.1352104
	-63.7561205	-39.1360628
	-63.7595526	-39.1374054
	-63.7612535	-39.1386897
	-63.7621567	-39.1420638
	-63.7616148	-39.1438967
	-63.760817	-39.1471188
	-63.7613138	-39.149617
	-63.7634049	-39.1514165
	-63.7639155	-39.1529107
	-63.7636939	-39.1542554
	-63.7624126	-39.1555254
	-63.7610157	-39.1567654
	-63.7594045	-39.157597
	-63.7565216	-39.1584039
	-63.7485719	-39.160793
	-63.7455848	-39.1627991
	-63.7439619	-39.1660998
	-63.7423861	-39.1704944
	-63.7379173	-39.1768944
	-63.7373528	-39.17859
	-63.7375739	-39.1811498
	-63.7385711	-39.182652
	-63.7419296	-39.185496
	-63.7435384	-39.1867057
	-63.7439334	-39.1880125
	-63.7427388	-39.1889383
	-63.7409454	-39.1892741
	-63.7397143	-39.1890332
	-63.7372918	-39.1876295
	-63.7345399	-39.1870826
	-63.7330582	-39.1858429
	-63.7292009	-39.1855148
	-63.7248026	-39.1867362
	-63.7224977	-39.1888873
	-63.7196282	-39.1923691
	-63.7165236	-39.1961241
	-63.7145244	-39.1981656
	-63.7102908	-39.1990223
	-63.7055162	-39.2002799
	-63.7030925	-39.2014165
	-63.6995641	-39.2033109
	-63.6971316	-39.2039828
	-63.6951928	-39.2049346
	-63.6930733	-39.2062876
	-63.6911345	-39.2065302
	-63.6889308	-39.2062503
	-63.6864683	-39.20583
	-63.6804218	-39.2055777
	-63.6785552	-39.2047845
	-63.6761618	-39.2046096
	-63.6742953	-39.2038864
	-63.6726545	-39.2035248
	-63.671646	-39.2038747
	-63.6698246	-39.2047262
	-63.6688612	-39.205776
	-63.6688311	-39.2078522
	-63.6692225	-39.2104648
	-63.6701708	-39.2121793
	-63.6712697	-39.2136255
	-63.6730459	-39.2141504
	-63.6744458	-39.2150134
	-63.6759661	-39.2164829
	-63.676207	-39.2184305
	-63.6754995	-39.2200048
	-63.6740845	-39.221859
	-63.6718266	-39.2231418
	-63.6694633	-39.2231651
	-63.6657453	-39.2219873
	-63.6616284	-39.2195797
	-63.6582841	-39.2190387
	-63.6561171	-39.2203354
	-63.6568509	-39.221715
	-63.6578799	-39.2229962
	-63.6588708	-39.2240016
	-63.659521	-39.2252703
	-63.658931	-39.2264177
	-63.6566189	-39.2280502
	-63.6552822	-39.228498
	-63.6532226	-39.2287762
	-63.6496253	-39.2292057
	-63.6452741	-39.2292786
	-63.640382	-39.2287867
	-63.6376066	-39.2274384
	-63.6354192	-39.2270194
	-63.6334906	-39.2276935
	-63.6334906	-39.229315
	-63.6343843	-39.233651
	-63.6355839	-39.2380961
	-63.6355603	-39.2409379
	-63.6362189	-39.2422312
	-63.6362895	-39.244581
	-63.6341491	-39.2466575
	-63.6313738	-39.2481693
	-63.6263875	-39.2491164
	-63.6239179	-39.2474953
	-63.6217305	-39.2434516
	-63.6210014	-39.2402821
	-63.6208133	-39.2372035
	-63.6188611	-39.235655
	-63.6166502	-39.236748
	-63.6153801	-39.239098
	-63.6163445	-39.2433059
	-63.6172853	-39.2478414
	-63.6168854	-39.2507921
	-63.6144628	-39.2528502
	-63.6116235	-39.2532013
	-63.6078001	-39.2528167
	-63.60494	-39.2523271
	-63.6021854	-39.2516277
	-63.5997167	-39.2499841
	-63.5968115	-39.2470116
	-63.5949901	-39.2454378
	-63.5927021	-39.2461256
	-63.5907302	-39.2482472
	-63.5903538	-39.2500307
	-63.5899625	-39.253516
	-63.5865666	-39.2564077
	-63.5845909	-39.2573547
	-63.581204	-39.2590302
	-63.5781935	-39.2592341
	-63.5738281	-39.2571799
	-63.570667	-39.2573255
	-63.5673366	-39.2585494
	-63.5672049	-39.2608804
	-63.5671484	-39.2647265
	-63.5653421	-39.2661395
	-63.5633852	-39.2667659
	-63.5621245	-39.2663872
	-63.5611461	-39.2645953
	-63.5605816	-39.2624392
	-63.5596973	-39.2612738
	-63.5580226	-39.2614049
	-63.5557835	-39.2631968
	-63.5510024	-39.2661122
	-63.5489352	-39.2680683
	-63.5439673	-39.2741347
	-63.5403734	-39.2780819
	-63.5377768	-39.2806017
	-63.5383413	-39.282932
	-63.5385106	-39.2863836
	-63.539696	-39.2889322
	-63.5415965	-39.2924563
	-63.5417982	-39.2954502
	-63.5403638	-39.297499
	-63.5368234	-39.2979091
	-63.5350412	-39.2987198
	-63.5324001	-39.3006485
	-63.5307067	-39.3008305
	-63.5282371	-39.3016131
	-63.5265907	-39.303324
	-63.523966	-39.3044043
	-63.5206497	-39.3046227
	-63.5154517	-39.3067702
	-63.5138288	-39.3081533
	-63.5133114	-39.3108649
	-63.5119237	-39.3127028
	-63.5087955	-39.3138675
	-63.5053146	-39.3137765
	-63.498776	-39.311611
	-63.4953186	-39.3093544
	-63.4897678	-39.3084809
	-63.4860046	-39.3089904
	-63.4805715	-39.3109013
	-63.4775374	-39.3145043
	-63.4749031	-39.3179071
	-63.471234	-39.3212551
	-63.467118	-39.3228381
	-63.4617326	-39.3273272
	-63.457441	-39.3285223
	-63.4545228	-39.32746
	-63.4535588	-39.320555
	-63.4500414	-39.3212165
	-63.4430215	-39.3248042
	-63.4376538	-39.3270547
	-63.4327218	-39.3306468
	-63.4281157	-39.3284074
	-63.4203622	-39.3266633
	-63.4153755	-39.3264048
	-63.4121224	-39.3273272
	-63.404226	-39.3289206
	-63.3941873	-39.3284952
	-63.3880293	-39.3292469
	-63.3823275	-39.3286443
	-63.3826918	-39.293583
	-63.3836585	-39.0605997
	-63.3840283	-38.928736
	-63.384029	-38.9285016
	-63.3840299	-38.928253
	-63.3840923	-38.9123369
	-63.3844147	-38.8299445
	-63.3844758	-38.7075435
	-63.3845231	-38.6126785
	-63.3846213	-38.4155269
	-63.3851384	-38.3875914
	-63.385047	-38.3830614
	-63.3852034	-38.3709327
	-63.3850914	-38.3705515
	-63.3849897	-38.3693811
	-63.3850452	-38.3559715
	-63.3849892	-38.3545041
	-63.3850771	-38.3501331
	-63.3851392	-38.3423509
	-63.3850912	-38.3387758
	-63.3851271	-38.3315877
	-63.3851099	-38.323032
	-63.3851744	-38.3203359
	-63.3850009	-38.3196733
	-63.3851397	-38.3169958
	-63.3851628	-38.3099158
	-63.3853132	-38.2976379
	-63.3852805	-38.2958403
	-63.3852478	-38.2931182
	-63.3853132	-38.2807647
	-63.3853787	-38.2794698
	-63.3853092	-38.2769996
	-63.3853499	-38.2648782
	-63.3853166	-38.2625729
	-63.3852266	-38.2620719
	-63.3852103	-38.2589118
	-63.3852708	-38.2521943
	-63.3853124	-38.2475817
	-63.3853124	-38.2363333
	-63.3853587	-38.222175
	-63.3853587	-38.2085412
	-63.3853587	-38.1934683
	-63.385405	-38.1787742
	-63.3854281	-38.1630402
	-63.3854513	-38.1470482
	-63.3854744	-38.1311436
	-63.3854744	-38.115636
	-63.3854281	-38.1073712
	-63.3855596	-38.106102
	-63.3854614	-38.1050142
	-63.3854669	-38.1021027
	-63.3855099	-38.0925428
	-63.3855329	-38.0918539
	-63.3855794	-38.0834634
	-63.3855384	-38.0769437
	-63.3855234	-38.0764457
	-63.3855671	-38.0762245
	-63.385563	-38.0760903
	-63.385581	-38.0671022
	-63.3856486	-38.0602402
	-63.385661	-38.041113
	-63.3856778	-38.0153369
	-63.3856945	-37.9894672
	-63.3857114	-37.9635507
	-63.3856013	-37.8219293
	-63.3855763	-37.8083949
	-63.3855624	-37.8008046
	-63.3853946	-37.7101318
	-63.3853695	-37.6909294
	-63.3853267	-37.6583114
	-63.3853469	-37.6578502
	-63.3854089	-37.6203626
	-63.3854082	-37.6168907
	-63.3853994	-37.5751018
	-63.385398	-37.5703686
	-63.3853861	-37.5300172
	-63.3853728	-37.4851197
	-63.3853593	-37.4396403
	-63.3853551	-37.4251848
	-63.3853356	-37.3596553
	-63.3853262	-37.3277518
	-63.3853199	-37.3068175
	-63.3853165	-37.2951551
	-63.3853067	-37.2619961
	-63.3853061	-37.2594011
	-63.3854035	-37.2426617
	-63.3856944	-37.1926937
	-63.3854337	-37.1662496
	-63.385505	-37.1648829
	-63.3857841	-37.1243702
	-63.3853514	-37.0981187
	-63.3853871	-37.078869
	-63.3854174	-37.0624871
	-63.3853844	-37.0345922
	-63.3853868	-37.0336099
	-63.3854505	-37.0070827
	-63.3854504	-36.9885973
	-63.3854505	-36.9767131
	-63.3853967	-36.943523
	-63.385361	-36.9214867
	-63.385361	-36.9209824
	-63.3851858	-36.9205062
	-63.3852676	-36.9137363
	-63.3851508	-36.9085744
	-63.3852164	-36.8984388
	-63.3851508	-36.8946996
	-63.3851508	-36.8801042
	-63.3852627	-36.8326921
	-63.3852689	-36.8300683
	-63.3852306	-36.8083355
	-63.3851274	-36.8039355
	-63.3851158	-36.7890275
	-63.3851158	-36.7815724
	-63.3851101	-36.7629819
	-63.3851041	-36.7432473
	-63.3851274	-36.7278595
	-63.3850809	-36.717793
	-63.385069	-36.7152212
	-63.385089	-36.6952137
	-63.38509	-36.685548
	-63.3850902	-36.6850675
	-63.3850668	-36.6732278
	-63.3851486	-36.672188
	-63.3851252	-36.6662393
	-63.3852468	-36.6176693
	-63.3851996	-36.5551997
	-63.3853411	-36.5247037
	-63.3849684	-36.5086158
	-63.3849684	-36.4667979
	-63.3854535	-36.4105268
	-63.3854715	-36.4004162
	-63.3854882	-36.4001012
	-63.3855058	-36.3997736
	-63.3855408	-36.3984338
	-63.3855877	-36.3952031
	-63.3855227	-36.3861372
	-63.3854802	-36.3770501
	-63.3853953	-36.3718926
	-63.3854199	-36.3569145
	-63.3855502	-36.2774312
	-63.3855589	-36.2693121
	-63.3855615	-36.2668596
	-63.3855803	-36.2492706
	-63.385648	-36.2241764
	-63.3856456	-36.2222522
	-63.3856262	-36.2071589
	-63.385632	-36.2049074
	-63.3856928	-36.1810866
	-63.3856108	-36.1769606
	-63.3855356	-36.1767888
	-63.3853796	-36.176592
	-63.3854987	-36.1410453
	-63.3854857	-36.1317322
	-63.385676	-36.0864346
	-63.3856096	-36.0762145
	-63.3855487	-36.063517
	-63.385525	-36.0515764
	-63.3855045	-36.041113
	-63.3854598	-36.0184672
	-63.3854483	-36.0126807
	-63.3854154	-35.9959542
	-63.3853923	-35.984285
	-63.3854175	-35.9523759
	-63.3854175	-35.9507807
	-63.3854175	-35.9124151
	-63.3854	-35.9056007
	-63.3853671	-35.8928048
	-63.3855704	-35.8842673
	-63.38541	-35.8727994
	-63.3854109	-35.8724011
	-63.3854145	-35.8706595
	-63.3854679	-35.8458099
	-63.3855036	-35.8153374
	-63.3855403	-35.7840357
	-63.3855489	-35.7766726
	-63.3855563	-35.7703291
	-63.3858697	-35.7692946
	-63.3858679	-35.767991
	-63.3858516	-35.7561492
	-63.3858513	-35.7559567
	-63.3858509	-35.7557044
	-63.3858485	-35.7538898
	-63.3858361	-35.7449114
	-63.3858126	-35.7278569
	-63.3858103	-35.7262252
	-63.3858093	-35.7255359
	-63.3858085	-35.7248973
	-63.3858079	-35.7244717
	-63.3857724	-35.6988465
	-63.3857649	-35.6933058
	-63.3857434	-35.677736
	-63.3857248	-35.6642069
	-63.3857072	-35.6514668
	-63.3856896	-35.6387043
	-63.3856738	-35.6273124
	-63.3856613	-35.6181468
	-63.38566	-35.6172193
	-63.3856435	-35.6052777
	-63.3856423	-35.6043844
	-63.3856407	-35.6031867
	-63.3856245	-35.5914243
	-63.3856065	-35.5783863
	-63.3856054	-35.5775633
	-63.3856011	-35.5745078
	-63.3855976	-35.5719946
	-63.3855887	-35.5655724
	-63.3855997	-35.5634226
	-63.3855606	-35.5613389
	-63.3855446	-35.5604885
	-63.3855649	-35.5596389
	-63.3855721	-35.5593346
	-63.385579	-35.5590552
	-63.3855856	-35.5587884
	-63.3855875	-35.5574138
	-63.385589	-35.5563279
	-63.3855905	-35.5552521
	-63.3855907	-35.555113
	-63.385592	-35.5541125
	-63.3855935	-35.5530265
	-63.3855951	-35.5518863
	-63.3855965	-35.5508486
	-63.3855996	-35.5486148
	-63.385579	-35.5439999
	-63.3856056	-35.4996966
	-63.3856329	-35.4542573
	-63.3856548	-35.4176986
	-63.3856647	-35.4011403
	-63.3856836	-35.3696424
	-63.3856849	-35.3637353
	-63.3856916	-35.3318515
	-63.3857167	-35.3120141
	-63.3857278	-35.3032062
	-63.3857521	-35.2840993
	-63.3857653	-35.2735961
	-63.3857653	-35.2697367
	-63.3857642	-35.2428339
	-63.3857637	-35.2279256
	-63.385768	-35.1362584
	-63.3857641	-35.0250415
	-63.3858881	-35.0249075
	-63.3858908	-35.0166484
	-63.3858916	-35.0139596
	-63.3859045	-35.0086084
	-63.3859347	-35.0023296
	-63.4861061	-35.0042702
	-63.5140276	-35.004553
	-63.5419193	-35.0047082
	-63.5977108	-35.0052345
	-63.7066565	-35.0061171
	-63.768946	-35.0067267
	-63.8166383	-35.0070269
	-63.8717043	-35.0073328
	-63.9267277	-35.0077307
	-63.9334705	-35.007809
	-64.0369712	-35.0086094
	-64.0958017	-35.0088821
	-64.1459257	-35.0091169
	-64.2455833	-35.0110324
	-64.2568642	-35.0112346
	-64.2619798	-35.0112182
	-64.2772196	-35.0111782
	-64.2783234	-35.0111754
	-64.3116009	-35.0110393
	-64.3664531	-35.0109119
	-64.4232277	-35.0112824
	-64.4516138	-35.0115149
	-64.4799725	-35.0116191
	-64.588279	-35.0116095
	-64.7534292	-35.0127397
	-64.9467089	-35.0143948
	-65.1050003	-35.0153678
	-65.1054145	-35.171493
	-65.1058993	-35.3539072
	-65.105311	-35.6952892
	-65.1055254	-35.802146
	-65.1054899	-35.8909961
	-65.1073616	-35.9820218
	-65.1078587	-35.9990851
	-65.1547043	-35.9995343
	-65.3302798	-36.0000083
	-65.4686814	-36.0000125
	-65.8539616	-36.0000014
	-66.0268898	-35.9999906
	-66.0467255	-36.0000383
	-66.2395011	-36.0000965
	-66.474742	-36.0004123
	-66.6377829	-36.0006312
	-67.039543	-36.0000401
	-67.1323625	-36.0000421
	-67.1850808	-36.0000433
	-67.4541846	-36.0000492
	-67.6965588	-36.0000273
	-67.7539562	-36.0000221
	-67.8113537	-36.0000169
	-67.8687513	-36.0000117
	-67.9378475	-36.0000122
	-68.0069437	-36.0000126
	-68.07604	-36.0000131
	-68.1451362	-36.0000135
	-68.1796075	-35.9976602
	-68.1968594	-35.9975908
	-68.2142647	-35.9975489
	-68.2346249	-35.9975735
	-68.2550527	-35.9977297
	-68.2960209	-35.9975667