	-69.6422255	-28.3932308
	-69.6057	-28.419
	-69.6053	-28.4188
	-69.6041	-28.4188
	-69.6034	-28.4186
	-69.6024	-28.4184
	-69.6021	-28.4182
	-69.6013	-28.4181
	-69.6009	-28.4181
	-69.6002	-28.4178
	-69.5994	-28.4175
	-69.5985	-28.4174
	-69.5973	-28.4174
	-69.5965	-28.4174
	-69.5954	-28.4172
	-69.5941	-28.4169
	-69.5939	-28.4168
	-69.5932	-28.4165
	-69.5924	-28.4161
	-69.5918	-28.4158
	-69.5903	-28.4153
	-69.5896	-28.4149
	-69.5893	-28.4147
	-69.5889	-28.4145
	-69.588	-28.414
	-69.5874	-28.4135
	-69.5864	-28.4128
	-69.5853	-28.4122
	-69.5843	-28.4118
	-69.5827	-28.4107
	-69.5818	-28.4106
	-69.5811	-28.4102
	-69.5802	-28.4101
	-69.5792	-28.4097
	-69.578	-28.4094
	-69.5774	-28.4092
	-69.5766	-28.409
	-69.5754	-28.4089
	-69.575	-28.4084
	-69.5739	-28.4079
	-69.5732	-28.4073
	-69.5728	-28.4068
	-69.5725	-28.4066
	-69.5715	-28.4058
	-69.5706	-28.4053
	-69.5698	-28.4054
	-69.5687	-28.4054
	-69.5677	-28.4052
	-69.5668	-28.4055
	-69.5656	-28.4055
	-69.5646	-28.4058
	-69.5637	-28.4061
	-69.5629	-28.4061
	-69.5622	-28.4062
	-69.5614	-28.4061
	-69.5605	-28.4063
	-69.5601	-28.4062
	-69.5592	-28.4061
	-69.5581	-28.4061
	-69.5575	-28.4059
	-69.5569	-28.4058
	-69.5562	-28.4058
	-69.556	-28.4058
	-69.5552	-28.4058
	-69.5545	-28.4062
	-69.5536	-28.4064
	-69.5529	-28.4072
	-69.552	-28.4077
	-69.5514	-28.4083
	-69.5507	-28.4088
	-69.5502	-28.409
	-69.5499	-28.4093
	-69.5495	-28.4098
	-69.5488	-28.4102
	-69.5481	-28.411
	-69.5473	-28.4117
	-69.5467	-28.4122
	-69.5463	-28.413
	-69.5457	-28.4134
	-69.5446	-28.4141
	-69.5441	-28.4146
	-69.5433	-28.415
	-69.5426	-28.4152
	-69.5419	-28.4155
	-69.5416	-28.4155
	-69.5411	-28.4156
	-69.5405	-28.4156
	-69.5397	-28.4156
	-69.5392	-28.4157
	-69.5388	-28.4157
	-69.5383	-28.4158
	-69.5375	-28.4159
	-69.5365	-28.4163
	-69.5364	-28.4163
	-69.5355	-28.4171
	-69.5349	-28.4178
	-69.5341	-28.4184
	-69.5336	-28.4191
	-69.5321	-28.42
	-69.531	-28.4208
	-69.5303	-28.4213
	-69.5294	-28.4222
	-69.5285	-28.4228
	-69.5282	-28.4238
	-69.5273	-28.4251
	-69.5267	-28.4259
	-69.5264	-28.4263
	-69.526	-28.427
	-69.5252	-28.428
	-69.5248	-28.4285
	-69.5236	-28.4287
	-69.5226	-28.4293
	-69.5221	-28.4299
	-69.5214	-28.4303
	-69.5203	-28.4306
	-69.5198	-28.4309
	-69.5188	-28.4312
	-69.5172	-28.4314
	-69.5162	-28.4319
	-69.5153	-28.4319
	-69.514	-28.4318
	-69.5132	-28.4318
	-69.5117	-28.4313
	-69.5106	-28.4311
	-69.5096	-28.4305
	-69.5091	-28.4293
	-69.5087	-28.4287
	-69.508	-28.428
	-69.5077	-28.4272
	-69.5077	-28.4265
	-69.5078	-28.4263
	-69.5082	-28.4253
	-69.5078	-28.4242
	-69.5069903	-28.4227951
	-69.5059	-28.4224
	-69.5051	-28.4216
	-69.5037	-28.4208
	-69.5028	-28.4202
	-69.5024	-28.4195
	-69.5015	-28.4188
	-69.501	-28.418
	-69.5009	-28.418
	-69.5001	-28.4175
	-69.4993	-28.417
	-69.4982	-28.4166
	-69.497	-28.4166
	-69.4968	-28.4166
	-69.495	-28.4165
	-69.494	-28.4165
	-69.493	-28.4165
	-69.4922	-28.4162
	-69.4915	-28.4158
	-69.4909	-28.4155
	-69.4899	-28.415
	-69.4883	-28.4139
	-69.4874	-28.4142
	-69.4865	-28.4146
	-69.4854	-28.4149
	-69.4845	-28.4153
	-69.4839	-28.4157
	-69.4827	-28.4159
	-69.4816	-28.4162
	-69.4806	-28.4161
	-69.478	-28.4161
	-69.4769	-28.416
	-69.4757	-28.4158
	-69.4743	-28.4156
	-69.4729	-28.4156
	-69.4716	-28.4157
	-69.4705	-28.4155
	-69.4697	-28.4155
	-69.4689	-28.416
	-69.4683	-28.4164
	-69.4677	-28.417
	-69.4672	-28.4176
	-69.4664	-28.4183
	-69.4655	-28.4186
	-69.4649	-28.4194
	-69.4639	-28.4204
	-69.4625	-28.421
	-69.4617	-28.4216
	-69.4608	-28.4226
	-69.4605	-28.4232
	-69.4596	-28.4244
	-69.4595	-28.4258
	-69.4595	-28.4266
	-69.459	-28.4278
	-69.4587	-28.429
	-69.4579	-28.4303
	-69.4567	-28.4312
	-69.4557	-28.4316
	-69.4548	-28.4318
	-69.4543	-28.4319
	-69.4537	-28.4327
	-69.4532	-28.4335
	-69.4529	-28.434
	-69.4525	-28.4353
	-69.4521	-28.4362
	-69.4511	-28.4372
	-69.4499	-28.438
	-69.4492	-28.4384
	-69.4478	-28.4385
	-69.4466	-28.4387
	-69.4454	-28.4396
	-69.4447	-28.4406
	-69.4442	-28.441
	-69.4434	-28.4415
	-69.4432	-28.4416
	-69.4424	-28.442
	-69.4419	-28.4425
	-69.4411	-28.4433
	-69.4407	-28.4439
	-69.4399	-28.4447
	-69.4391	-28.4454
	-69.4378	-28.4466
	-69.4358	-28.4483
	-69.434	-28.4492
	-69.4317	-28.4503
	-69.4255	-28.4518
	-69.4222	-28.4516
	-69.4192	-28.4515
	-69.4179	-28.4512
	-69.4168	-28.4507
	-69.4158	-28.4502
	-69.4139	-28.4499
	-69.4129	-28.4497
	-69.4112	-28.4494
	-69.4101	-28.4492
	-69.4089	-28.449
	-69.4079	-28.449
	-69.4064	-28.4485
	-69.4057	-28.4485
	-69.4041	-28.4487
	-69.4028	-28.4488
	-69.4015	-28.449
	-69.4005	-28.449
	-69.3991	-28.4495
	-69.3979	-28.4499
	-69.3969	-28.4497
	-69.3959	-28.4497
	-69.3945	-28.4497
	-69.3922	-28.4499
	-69.3908	-28.4499
	-69.39	-28.4498
	-69.3891	-28.4491
	-69.3878	-28.449
	-69.386	-28.449
	-69.3842	-28.449
	-69.383	-28.4491
	-69.3812	-28.4492
	-69.3798	-28.4493
	-69.3787	-28.4491
	-69.3774	-28.4488
	-69.3759	-28.4485
	-69.3745	-28.4475
	-69.3734	-28.4472
	-69.3717	-28.4459
	-69.3702	-28.4451
	-69.3682	-28.4441
	-69.3662	-28.4428
	-69.3655	-28.4423
	-69.3638	-28.4414
	-69.3628	-28.4408
	-69.361	-28.44
	-69.36	-28.4398
	-69.3583	-28.4398
	-69.3558	-28.44
	-69.3545	-28.4397
	-69.3529	-28.4393
	-69.3507	-28.4385
	-69.3499	-28.4379
	-69.3491	-28.4371
	-69.3477	-28.4368
	-69.3465	-28.4363
	-69.3452	-28.4359
	-69.3444	-28.4354
	-69.3431	-28.4349
	-69.3418	-28.4341
	-69.3399	-28.4331
	-69.3386	-28.4324
	-69.3378	-28.4316
	-69.3359	-28.4309
	-69.3345	-28.4301
	-69.3329	-28.4294
	-69.3311	-28.4287
	-69.3294	-28.4271
	-69.3281	-28.4263
	-69.327	-28.4255
	-69.3256	-28.4244
	-69.3242	-28.4237
	-69.3235	-28.4228
	-69.3229	-28.4216
	-69.3222	-28.4208
	-69.3218	-28.4203
	-69.3213	-28.419
	-69.3207	-28.4185
	-69.3198	-28.4171
	-69.319	-28.4156
	-69.3181	-28.4147
	-69.3176	-28.414
	-69.317	-28.4133
	-69.3167	-28.4126
	-69.3163	-28.412
	-69.316	-28.4117
	-69.2024	-28.5964
	-69.2035	-28.5967
	-69.2038	-28.5971
	-69.2042	-28.5978
	-69.2042	-28.5981
	-69.2046	-28.5989
	-69.2047	-28.599
	-69.2048	-28.5994
	-69.2054	-28.5998
	-69.2058	-28.6003
	-69.2061	-28.6002
	-69.2068	-28.6002
	-69.2076	-28.6003
	-69.2083	-28.6006
	-69.2091	-28.6008
	-69.2092	-28.6008
	-69.2103	-28.6012
	-69.2105	-28.6013
	-69.211	-28.6015
	-69.212	-28.602
	-69.2127	-28.6025
	-69.213	-28.603
	-69.2136	-28.6031
	-69.2143	-28.6034
	-69.2143	-28.604
	-69.2144	-28.6045
	-69.2148	-28.6049
	-69.2151	-28.6053
	-69.2157	-28.6056
	-69.2162	-28.6062
	-69.2166	-28.6065
	-69.2166	-28.6075
	-69.2162	-28.6082
	-69.216	-28.609
	-69.2159	-28.6097
	-69.2157	-28.6109
	-69.2163	-28.6119
	-69.2167	-28.6127
	-69.2167	-28.6133
	-69.2161	-28.6138
	-69.2163	-28.6148
	-69.2166	-28.6159
	-69.2169	-28.6166
	-69.2167	-28.6171
	-69.2162	-28.6174
	-69.2152	-28.618
	-69.2149	-28.6187
	-69.2149	-28.6192
	-69.2149	-28.6198
	-69.215	-28.6205
	-69.2155	-28.6211
	-69.2154	-28.6215
	-69.2151	-28.6225
	-69.2151	-28.6231
	-69.2153	-28.6235
	-69.2154	-28.6241
	-69.2149	-28.6249
	-69.2144	-28.625
	-69.2141	-28.6256
	-69.2143	-28.6268
	-69.2144	-28.6273
	-69.2144	-28.6278
	-69.2145	-28.6282
	-69.2149	-28.6287
	-69.2152	-28.6292
	-69.215	-28.6298
	-69.215	-28.6302
	-69.2147	-28.6307
	-69.2144	-28.6313
	-69.2141	-28.6319
	-69.214	-28.6326
	-69.214	-28.6332
	-69.2143	-28.6344
	-69.2147	-28.635
	-69.2148	-28.6359
	-69.2148	-28.6367
	-69.2148	-28.6371
	-69.2149	-28.6377
	-69.2152	-28.6382
	-69.2154	-28.6385
	-69.2159	-28.6388
	-69.2159	-28.6391
	-69.2158	-28.6394
	-69.2159	-28.6402
	-69.2165	-28.6404
	-69.2169	-28.6407
	-69.2174	-28.6413
	-69.2174	-28.6421
	-69.2172	-28.6423
	-69.2173	-28.6428
	-69.2174	-28.6435
	-69.2174	-28.644
	-69.2169	-28.6445
	-69.2163	-28.645
	-69.2163	-28.6457
	-69.2171	-28.6464
	-69.2172	-28.6469
	-69.2175	-28.6476
	-69.2179	-28.6483
	-69.2177	-28.6489
	-69.2168	-28.6486
	-69.2165	-28.6491
	-69.2168	-28.6498
	-69.2169	-28.6507
	-69.2166	-28.6516
	-69.2165	-28.6521
	-69.2163	-28.6526
	-69.2161	-28.6532
	-69.2156	-28.6536
	-69.2153	-28.6539
	-69.2149	-28.6541
	-69.2145	-28.6546
	-69.214	-28.6549
	-69.2138	-28.6552
	-69.2135	-28.656
	-69.213	-28.6566
	-69.213	-28.6567
	-69.2129	-28.6573
	-69.2134	-28.658
	-69.2136	-28.6588
	-69.213	-28.6593
	-69.2124	-28.6592
	-69.2115	-28.6594
	-69.2113	-28.6601
	-69.2117	-28.6608
	-69.2119	-28.6614
	-69.2119	-28.6618
	-69.2115	-28.6622
	-69.2117	-28.6627
	-69.2121	-28.6636
	-69.2125	-28.6641
	-69.2128	-28.6648
	-69.2122	-28.6646
	-69.2118	-28.6641
	-69.2114	-28.664
	-69.2106	-28.664
	-69.2104	-28.6642
	-69.2099	-28.6647
	-69.2099	-28.6658
	-69.2111	-28.6669
	-69.2114	-28.6679
	-69.2105	-28.6695
	-69.21	-28.6695
	-69.2093	-28.6699
	-69.2086	-28.6703
	-69.2083	-28.671
	-69.209	-28.6718
	-69.2093	-28.6727
	-69.2094	-28.6733
	-69.2097	-28.6736
	-69.2095	-28.6746
	-69.2095	-28.6752
	-69.2098	-28.6761
	-69.2098	-28.677
	-69.2097	-28.6779
	-69.2093	-28.6782
	-69.2087	-28.6784
	-69.2081	-28.6787
	-69.2073	-28.6788
	-69.2071	-28.679
	-69.2069	-28.6792
	-69.2065	-28.6796
	-69.2068	-28.6804
	-69.2075	-28.6803
	-69.2083	-28.6801
	-69.2088	-28.68
	-69.2094	-28.68
	-69.2098	-28.6806
	-69.2098	-28.6816
	-69.2091	-28.683
	-69.2087	-28.6839
	-69.2081	-28.6846
	-69.2066	-28.6854
	-69.2059	-28.6865
	-69.2045	-28.6873
	-69.204	-28.688
	-69.2034	-28.6893
	-69.2032	-28.6902
	-69.203	-28.6912
	-69.2031	-28.6927
	-69.2045	-28.6937
	-69.2055	-28.6945
	-69.2055	-28.6953
	-69.205	-28.6956
	-69.2044	-28.6961
	-69.2043	-28.6964
	-69.2039	-28.6972
	-69.2036	-28.6983
	-69.203	-28.6994
	-69.2028	-28.7005
	-69.2022	-28.7017
	-69.2019	-28.7024
	-69.2012	-28.7036
	-69.2007	-28.7041
	-69.2003	-28.7053
	-69.2001	-28.7063
	-69.1998	-28.7072
	-69.1994	-28.708
	-69.199	-28.7087
	-69.1987	-28.7096
	-69.1977	-28.7103
	-69.1972	-28.7108
	-69.196	-28.7115
	-69.1947	-28.7123
	-69.1944	-28.713
	-69.1942	-28.7135
	-69.1934	-28.7142
	-69.1935	-28.7152
	-69.1928	-28.716
	-69.1928	-28.717
	-69.1922	-28.7177
	-69.1916	-28.7187
	-69.1906	-28.7192
	-69.1896	-28.7196
	-69.1885	-28.72
	-69.1876	-28.7203
	-69.1868	-28.7206
	-69.185	-28.721
	-69.1837	-28.721
	-69.1824	-28.7218
	-69.1815	-28.7222
	-69.1812	-28.723
	-69.1812	-28.7242
	-69.1815	-28.7253
	-69.1821	-28.726
	-69.1817	-28.7273
	-69.1811	-28.7279
	-69.1802	-28.7287
	-69.1795	-28.729
	-69.1787	-28.7295
	-69.1781	-28.7298
	-69.1782	-28.7303
	-69.1779	-28.7308
	-69.177	-28.7309
	-69.1763	-28.7318
	-69.1754	-28.7325
	-69.1748	-28.7336
	-69.1743	-28.7344
	-69.1737	-28.7347
	-69.1729	-28.7351
	-69.172	-28.7354
	-69.1712	-28.736
	-69.1707	-28.7363
	-69.1709	-28.7376
	-69.1705	-28.7388
	-69.1699	-28.7397
	-69.1693	-28.7408
	-69.1687	-28.7415
	-69.1687	-28.7423
	-69.168	-28.7435
	-69.1672	-28.7441
	-69.1667	-28.7444
	-69.1664	-28.7448
	-69.1664	-28.7455
	-69.1661	-28.7464
	-69.1655	-28.7475
	-69.166	-28.7482
	-69.1661	-28.7488
	-69.1663	-28.7498
	-69.1674	-28.7505
	-69.1679	-28.7513
	-69.1682	-28.7517
	-69.1682	-28.7524
	-69.1677	-28.7532
	-69.1672	-28.7532
	-69.1671	-28.7534
	-69.167	-28.7536
	-69.1667	-28.7542
	-69.1664	-28.7547
	-69.1662	-28.7551
	-69.166	-28.7557
	-69.1655	-28.7564
	-69.1651	-28.7569
	-69.1649	-28.757
	-69.1646	-28.7573
	-69.1642	-28.7574
	-69.1639	-28.7579
	-69.1633	-28.7582
	-69.163	-28.7585
	-69.1627	-28.7591
	-69.1625	-28.7592
	-69.1623	-28.7598
	-69.162	-28.76
	-69.162	-28.7604
	-69.162	-28.7611
	-68.9082	-28.861
	-68.9109	-28.8627
	-68.9126	-28.8632
	-68.9183	-28.8635
	-68.9214	-28.8663
	-68.9233	-28.8711
	-68.9233	-28.8756
	-68.9238	-28.8775
	-68.9238	-28.8794
	-68.9243	-28.8818
	-68.925	-28.8834
	-68.9264	-28.8863
	-68.927	-28.887
	-68.9293	-28.8894
	-68.9306	-28.8916
	-68.9325	-28.8949
	-68.9329	-28.8955
	-68.9332	-28.8961
	-68.9337	-28.8974
	-68.9339	-28.8998
	-68.9339	-28.9027
	-68.9337	-28.905
	-68.9334	-28.9077
	-68.9349	-28.9091
	-68.9387	-28.9129
	-68.9418	-28.9153
	-68.9439	-28.9167
	-68.9463	-28.9177
	-68.9467	-28.9179
	-68.9489	-28.92
	-68.9496	-28.9234
	-68.9498	-28.9274
	-68.9498	-28.9303
	-68.9506	-28.9331
	-68.9525	-28.934
	-68.9551	-28.9345
	-68.9566	-28.9356
	-68.958	-28.9375
	-68.9612	-28.9394
	-68.9613	-28.9415
	-68.961	-28.9475
	-68.9598	-28.953
	-68.9598	-28.9542
	-68.9592	-28.9551
	-68.9578	-28.9573
	-68.9567	-28.9595
	-68.9559	-28.9601
	-68.9556	-28.9611
	-68.9546	-28.9624
	-68.9541	-28.9634
	-68.9535	-28.965
	-68.9528	-28.9658
	-68.9521	-28.9665
	-68.951	-28.9688
	-68.95	-28.9701
	-68.9482	-28.9711
	-68.9471	-28.9725
	-68.946	-28.9738
	-68.9456	-28.9743
	-68.9439	-28.9748
	-68.9428	-28.9756
	-68.9421	-28.9768
	-68.9401	-28.9778
	-68.9389	-28.9784
	-68.9379	-28.9792
	-68.9369	-28.9801
	-68.9354	-28.9813
	-68.9347	-28.9821
	-68.9335	-28.9842
	-68.9329	-28.985
	-68.9326	-28.9861
	-68.9318	-28.9891
	-68.9319	-28.9913
	-68.9321	-28.9939
	-68.9324	-28.9956
	-68.9321	-28.9972
	-68.9315	-28.9984
	-68.9312	-28.9999
	-68.9314	-29.0013
	-68.9314	-29.0028
	-68.9314	-29.0038
	-68.9316	-29.0052
	-68.9316	-29.0054
	-68.9316	-29.0059
	-68.9318	-29.0079
	-68.9318	-29.0102
	-68.9315	-29.0113
	-68.9315	-29.0128
	-68.9315	-29.014
	-68.9321	-29.0152
	-68.9322	-29.0163
	-68.9325	-29.0179
	-68.9318	-29.019
	-68.9307	-29.0206
	-68.9303	-29.021
	-68.9293	-29.0225
	-68.9275	-29.0244
	-68.9268	-29.025
	-68.9257001	-29.0259
	-68.9244001	-29.0263
	-68.9225	-29.0267
	-68.9191	-29.0275
	-68.9177	-29.0277
	-68.9164	-29.0278
	-68.9147	-29.0282
	-68.914	-29.0288
	-68.9134	-29.0303
	-68.9131	-29.0316
	-68.9131	-29.0317
	-68.9114	-29.0364
	-68.9104	-29.0393
	-68.9094	-29.0418
	-68.9085	-29.0449
	-68.9084	-29.0471
	-68.9089	-29.049
	-68.9097	-29.0505
	-68.9102	-29.0534
	-68.9104	-29.0566
	-68.9106	-29.0586
	-68.9102	-29.0598
	-68.9102	-29.0605
	-68.9106	-29.0621
	-68.9106	-29.0629
	-68.9106	-29.0648
	-68.9102	-29.0671
	-68.9090001	-29.0692
	-68.9078001	-29.0704
	-68.9078001	-29.0717
	-68.9080001	-29.0728
	-68.9092001	-29.0728
	-68.9094001	-29.0727
	-68.9109001	-29.0718
	-68.9144001	-29.0714
	-68.9158001	-29.0714
	-68.9176001	-29.0717
	-68.9190001	-29.0729
	-68.9193001	-29.0753
	-68.9199001	-29.0766
	-68.9209001	-29.0778
	-68.9222001	-29.0799
	-68.9233001	-29.0827
	-68.9237001	-29.0837
	-68.9249001	-29.0874
	-68.9252001	-29.0894
	-68.9250001	-29.0938
	-68.9250001	-29.0981
	-68.9246001	-29.1017
	-68.9240001	-29.104
	-68.9238	-29.1059
	-68.9231001	-29.1065
	-68.9210001	-29.1075
	-68.9182001	-29.1083
	-68.9156001	-29.1092
	-68.9135001	-29.1103
	-68.9129001	-29.1111
	-68.9127	-29.1123
	-68.9143124	-29.1177547
	-68.9125	-29.1162
	-68.9121	-29.1178
	-68.9121	-29.1188
	-68.9121	-29.1192
	-68.9119	-29.1199
	-68.9117	-29.1207
	-68.9113	-29.1218
	-68.9112	-29.1247
	-68.9117	-29.1269
	-68.9117	-29.1275
	-68.9117	-29.1282
	-68.9119	-29.1286
	-68.9124	-29.13
	-68.9137	-29.132
	-68.9145	-29.1335
	-68.9149	-29.1344
	-68.9153	-29.1347
	-68.9163	-29.1356
	-68.917	-29.1358
	-68.9182	-29.1367
	-68.9201	-29.1379
	-68.9209	-29.1388
	-68.9221	-29.1401
	-68.9231	-29.1411
	-68.9244	-29.1421
	-68.9259	-29.1426
	-68.9268	-29.1438
	-68.9299	-29.1456
	-68.9314	-29.1473
	-68.9315	-29.1474
	-68.9325	-29.1481
	-68.9338	-29.1492
	-68.9341	-29.1511
	-68.9334001	-29.154
	-68.9332001	-29.1559
	-68.9331001	-29.1573
	-68.9329001	-29.1588
	-68.9327	-29.1615
	-68.9333	-29.1645
	-68.935	-29.1664
	-68.9377	-29.168
	-68.9412	-29.1687
	-68.9439	-29.1689
	-68.9469	-29.1688
	-68.9499	-29.1684
	-68.9515	-29.1679
	-68.9529	-29.1672
	-68.9535	-29.1667
	-68.9544	-29.1663
	-68.9556	-29.1655
	-68.9572	-29.1646
	-68.9585	-29.1642
	-68.959	-29.1628
	-68.9592	-29.1615
	-68.9600001	-29.1596
	-68.9602001	-29.1589
	-68.9613001	-29.1562
	-68.9614001	-29.1556
	-68.9623	-29.1533
	-68.9626	-29.152
	-68.9629001	-29.1502
	-68.963	-29.1499
	-68.9645	-29.1483
	-68.9648	-29.1476
	-68.9648	-29.147
	-68.967	-29.1457
	-68.9688	-29.1462
	-68.9696	-29.1463
	-68.9708	-29.1473
	-68.9713	-29.1476
	-68.9722	-29.1481
	-68.9736	-29.149
	-68.9741	-29.1494
	-68.9752	-29.1499
	-68.9752	-29.1524
	-68.9751001	-29.1546
	-68.9764001	-29.1574
	-68.9772001	-29.159
	-68.9782	-29.1609
	-68.9784	-29.1623
	-68.9798	-29.1633
	-68.9805	-29.1644
	-68.9807	-29.1646
	-68.982	-29.1658
	-68.983	-29.1668
	-68.9862	-29.1684
	-68.9873	-29.1696
	-68.9885	-29.1709
	-68.9897	-29.1727
	-68.9909	-29.1742
	-68.992	-29.1745
	-68.9933	-29.1755
	-68.9945	-29.1771
	-68.9956	-29.1783
	-68.9967	-29.1799
	-68.9977	-29.1818
	-69.0002	-29.1844
	-69.0012	-29.1866
	-69.0009	-29.1899
	-68.9997	-29.1918
	-68.9978	-29.1941
	-68.9966	-29.1953
	-68.9953	-29.1965
	-68.9948	-29.1975
	-68.9941	-29.1987
	-68.9941	-29.2001
	-68.9941	-29.2013
	-68.9942	-29.2029
	-68.9948	-29.2045
	-68.9947	-29.2059
	-68.9941	-29.207
	-68.9939	-29.2087
	-68.9931	-29.2098
	-68.9927	-29.2117
	-68.9921	-29.2127
	-68.9909	-29.2147
	-68.9908	-29.2157
	-68.9904	-29.2166
	-68.9898	-29.2176
	-68.9895	-29.2183
	-68.9872	-29.2197
	-68.9865	-29.2207
	-68.9857	-29.2221
	-68.9845	-29.2233
	-68.9824	-29.225
	-68.982	-29.2257
	-68.9816	-29.2262
	-68.981	-29.227
	-68.9799	-29.2284
	-68.9793	-29.2296
	-68.9791	-29.2305
	-68.9797	-29.2323
	-68.9811	-29.2329
	-68.9818	-29.2334
	-68.9829	-29.2342
	-68.9839	-29.2358
	-68.9847	-29.2377
	-68.9854	-29.2395
	-68.9857	-29.2408
	-68.9861	-29.2423
	-68.9872	-29.2433
	-68.9876	-29.2446
	-68.9884	-29.246
	-68.9893	-29.2473
	-68.9898	-29.249
	-68.9907	-29.2505
	-68.9911	-29.2516
	-68.9922	-29.2531
	-68.9922	-29.2551
	-68.9922	-29.2572
	-68.9915	-29.2583
	-68.9915	-29.2609
	-68.9915	-29.2616
	-68.9912	-29.2631
	-68.9905	-29.2655
	-68.9899	-29.2673
	-68.9899	-29.2685
	-68.9895	-29.27
	-68.9895	-29.2715
	-68.9895	-29.2729
	-68.9891	-29.274
	-68.9887	-29.2741
	-68.9867	-29.2749
	-68.9851	-29.2753
	-68.9831	-29.2762
	-68.9821	-29.2771
	-68.9807	-29.2788
	-68.9789	-29.2792
	-68.976	-29.279
	-68.9743	-29.2788
	-68.9715	-29.2781
	-68.9705	-29.2782
	-68.9696	-29.2784
	-68.9656	-29.2812
	-68.964	-29.2816
	-68.9616	-29.2826
	-68.9589	-29.2843
	-68.9582	-29.2849
	-68.9575	-29.2859
	-68.9567	-29.2869
	-68.9567	-29.2873
	-68.9573	-29.2884
	-68.9582	-29.289
	-68.9593	-29.2895
	-68.9595	-29.2896
	-68.9609	-29.2903
	-68.9621	-29.2917
	-68.9622	-29.293
	-68.9619	-29.294
	-68.9614	-29.2962
	-68.9611	-29.2988
	-68.9611	-29.2999
	-68.961	-29.3012
	-68.961	-29.3028
	-68.961	-29.3049
	-68.9619	-29.3066
	-68.9626	-29.308
	-68.9623	-29.3092
	-68.9623	-29.3111
	-68.9604	-29.313
	-68.9585	-29.3143
	-68.9576	-29.3162
	-68.9576	-29.3172
	-68.9586	-29.3182
	-68.9594	-29.3189
	-68.9597	-29.3193
	-68.9601	-29.3199
	-68.9619	-29.3197
	-68.9642	-29.3175
	-68.9664	-29.3167
	-68.968	-29.3163
	-68.9703	-29.3158
	-68.9734	-29.3154
	-68.9755	-29.3169
	-68.9758	-29.3175
	-68.9772	-29.3199
	-68.9789	-29.321
	-68.9799	-29.3214
	-68.9804	-29.3218
	-68.9821	-29.323
	-68.9824	-29.3231
	-68.9828	-29.3233
	-68.9845	-29.3244
	-68.9849	-29.3252
	-68.9849	-29.3271
	-68.9855	-29.3285
	-68.9852	-29.3311
	-68.9849	-29.3321
	-68.9849	-29.3335
	-68.9845	-29.3348
	-68.9834	-29.3364
	-68.9834	-29.3377
	-68.983	-29.3389
	-68.9823	-29.3415
	-68.9821	-29.3434
	-68.9817	-29.345
	-68.9814	-29.3464
	-68.9805	-29.3476
	-68.9797	-29.3488
	-68.9785	-29.3498
	-68.9773	-29.3515
	-68.9772	-29.3526
	-68.9761	-29.3538
	-68.9761	-29.3557
	-68.9754001	-29.3567
	-68.9752	-29.3584
	-68.9757	-29.3596
	-68.9757	-29.3617
	-68.9749001	-29.363
	-68.9746001	-29.3642
	-68.9752001	-29.3652
	-68.9754001	-29.3662
	-68.9764001	-29.3677
	-68.9778001	-29.3686
	-68.9786001	-29.3696
	-68.9793001	-29.3712
	-68.9822001	-29.3725
	-68.9879001	-29.375
	-68.9896001	-29.3763
	-68.9917001	-29.3799
	-68.9928001	-29.3835
	-68.9939001	-29.3863
	-68.9947001	-29.3886
	-68.9957001	-29.3906
	-68.9964001	-29.3922
	-68.9978001	-29.3948
	-68.9985001	-29.3964
	-68.9999001	-29.3984
	-69.0022001	-29.3997
	-69.0024001	-29.4019
	-69.0014001	-29.4046
	-69.0010001	-29.4066
	-69.0000001	-29.4088
	-68.9989001	-29.412
	-68.9977001	-29.4139
	-68.9967001	-29.4152
	-68.9942001	-29.4161
	-68.9928001	-29.4171
	-68.9920001	-29.418
	-68.9895001	-29.4195
	-68.9866001	-29.4201
	-68.9864001	-29.4201
	-68.9852001	-29.4204
	-68.9835001	-29.4215
	-68.9817001	-29.422
	-68.9802001	-29.4226
	-68.9792001	-29.4236
	-68.9786001	-29.4251
	-68.9780001	-29.4266
	-68.9778	-29.4288
	-68.9772	-29.4303
	-68.977	-29.4333
	-68.977	-29.4342
	-68.9768	-29.4367
	-68.9772	-29.4384
	-68.977	-29.4403
	-68.9745	-29.4422
	-68.9741	-29.4424
	-68.9739	-29.4434
	-68.9736	-29.4452
	-68.9735	-29.4478
	-68.9746	-29.4493
	-68.9746	-29.4516
	-68.9749	-29.4552
	-68.9752	-29.4565
	-68.9767	-29.4573
	-68.9782	-29.459
	-68.979	-29.4598
	-68.9795	-29.4602
	-68.9809	-29.4611
	-68.9826	-29.4641
	-68.9829	-29.4662
	-68.983	-29.4675
	-68.9832	-29.4686
	-68.9834	-29.4699
	-68.9842	-29.4719
	-68.9846	-29.4743
	-68.9852	-29.4759
	-68.9861	-29.4772
	-68.9874	-29.478
	-68.9882	-29.4781
	-68.9898	-29.4781
	-68.9924	-29.4754
	-68.9928	-29.4734
	-68.9936	-29.4702
	-68.996	-29.4679
	-68.9971	-29.467
	-68.9986	-29.4658
	-69	-29.4667
	-68.9995	-29.4699
	-68.9996	-29.4721
	-68.9998	-29.4736
	-69	-29.4753
	-69.0004	-29.4759
	-69.0012	-29.4775
	-69.0014	-29.4787
	-69.0029	-29.4805
	-69.0042	-29.4821
	-69.0065	-29.485
	-69.0081	-29.4867
	-69.009	-29.4898
	-69.0092	-29.4911
	-69.0091	-29.4928
	-69.009	-29.4953
	-69.0098	-29.4969
	-69.0111	-29.4987
	-69.0117	-29.5001
	-69.0131	-29.5022
	-69.016	-29.5029
	-69.0172	-29.5041
	-69.0191	-29.5068
	-69.0193	-29.5091
	-69.0211	-29.5116
	-69.0224	-29.5131
	-69.0232	-29.5155
	-69.0264	-29.5192
	-69.0296	-29.5224
	-69.0305	-29.5229
	-69.0313	-29.5237
	-69.0313	-29.5249
	-69.0315001	-29.526
	-69.0321001	-29.5276
	-69.0328001	-29.5299
	-69.0332001	-29.5311
	-69.0335	-29.532
	-69.0337001	-29.533
	-69.0331001	-29.5346
	-69.0316001	-29.5364
	-69.0300001	-29.538
	-69.0296001	-29.5407
	-69.0294001	-29.5425
	-69.0304001	-29.5453
	-69.0313001	-29.5475
	-69.0330001	-29.5514
	-69.0336001	-29.5539
	-69.0337001	-29.5561
	-69.0343001	-29.5589
	-69.0338001	-29.5611
	-69.0341001	-29.5633
	-69.0340001	-29.5655
	-69.0335001	-29.567
	-69.0334001	-29.569
	-69.0326001	-29.5707
	-69.0326001	-29.5716
	-69.0321001	-29.5729
	-69.0318001	-29.5743
	-69.0318001	-29.5752
	-69.0319001	-29.5771
	-69.0325001	-29.5795
	-69.0325001	-29.5806
	-69.0319001	-29.5827
	-69.0319001	-29.5846
	-69.0309001	-29.5859
	-69.0299001	-29.5876
	-69.0292001	-29.5888
	-69.0287001	-29.5892
	-69.0284001	-29.5897
	-69.0268001	-29.5906
	-69.0254001	-29.5916
	-69.0247001	-29.592
	-69.0231001	-29.5936
	-69.0230001	-29.5951
	-69.0230001	-29.5957
	-69.0231001	-29.5978
	-69.0237001	-29.5996
	-69.0236001	-29.6028
	-69.0234001	-29.6055
	-69.0220001	-29.6073
	-69.0216001	-29.6078
	-69.0210001	-29.6089
	-69.0208001	-29.6105
	-69.0209001	-29.6126
	-69.0211001	-29.6145
	-69.0211001	-29.6168
	-69.0203001	-29.6186
	-69.0192001	-29.6209
	-69.0192001	-29.6213
	-69.0192001	-29.6242
	-69.0197001	-29.6254
	-69.0198001	-29.6287
	-69.0200001	-29.6303
	-69.0202001	-29.6318
	-69.0188001	-29.6329
	-69.0178001	-29.6341
	-69.0167001	-29.6352
	-69.0158001	-29.6372
	-69.0141001	-29.6391
	-69.0135001	-29.6396
	-69.0113001	-29.6406
	-69.0105001	-29.641
	-69.0092001	-29.6422
	-69.0089001	-29.6428
	-69.0040001	-29.6428
	-69.0020001	-29.6434
	-68.9995001	-29.6443
	-68.9959001	-29.6449
	-68.9928001	-29.646
	-68.9859001	-29.6478
	-68.9827001	-29.6492
	-68.9799001	-29.6498
	-68.9761001	-29.6496
	-68.9708001	-29.6506
	-68.9677001	-29.6521
	-68.9634001	-29.653
	-68.9613001	-29.6544
	-68.9589001	-29.6559
	-68.9575001	-29.6575
	-68.9554001	-29.6568
	-68.9540001	-29.6559
	-68.9538001	-29.6549
	-68.9532001	-29.654
	-68.9527001	-29.6527
	-68.9523022	-29.6534555
	-68.9508001	-29.6512
	-68.9503001	-29.651
	-68.9483001	-29.6505
	-68.9466001	-29.6509
	-68.9444001	-29.6511
	-68.9422001	-29.6515
	-68.9407001	-29.6516
	-68.9394001	-29.6516
	-68.9383001	-29.6516
	-68.9374001	-29.6509
	-68.9369001	-29.6494
	-68.9359001	-29.6477
	-68.9353001	-29.6471
	-68.9347001	-29.6454
	-68.9341001	-29.6445
	-68.9341001	-29.6428
	-68.9341001	-29.641
	-68.9341001	-29.6403
	-68.9341001	-29.6386
	-68.9338001	-29.6377
	-68.9337001	-29.6368
	-68.9340001	-29.6356
	-68.9350001	-29.6349
	-68.9351001	-29.6334
	-68.9349001	-29.6315
	-68.9347001	-29.6302
	-68.9349001	-29.6283
	-68.9351001	-29.6276
	-68.9353001	-29.6258
	-68.9359001	-29.6249
	-68.9364001	-29.624
	-68.9358001	-29.6222
	-68.9356001	-29.6198
	-68.9337001	-29.6185
	-68.9331001	-29.618
	-68.9313001	-29.6186
	-68.9297001	-29.6191
	-68.9290001	-29.6198
	-68.9272001	-29.6201
	-68.9258001	-29.621
	-68.9250001	-29.6216
	-68.9222001	-29.6218
	-68.9208001	-29.6218
	-68.9181001	-29.6222
	-68.9153001	-29.622
	-68.9152001	-29.622
	-68.9124001	-29.6214
	-68.9102001	-29.6204
	-68.9078001	-29.6198
	-68.9065001	-29.6186
	-68.9045001	-29.6173
	-68.9032001	-29.6153
	-68.9012001	-29.614
	-68.8999001	-29.6134
	-68.8984001	-29.6117
	-68.8970001	-29.6095
	-68.8949001	-29.6082
	-68.8929001	-29.6072
	-68.8921001	-29.6062
	-68.8898001	-29.6048
	-68.8895001	-29.603
	-68.8895001	-29.6016
	-68.8890001	-29.5995
	-68.8885001	-29.5978
	-68.8876001	-29.5966
	-68.8869001	-29.5956
	-68.8855001	-29.5934
	-68.8845372	-29.5942395
	-68.8838001	-29.5939
	-68.8846001	-29.596
	-68.8847001	-29.5972
	-68.8851001	-29.5984
	-68.8858001	-29.6
	-68.8860001	-29.6006
	-68.8863001	-29.6014
	-68.8867001	-29.6032
	-68.8869001	-29.6053
	-68.8869001	-29.607
	-68.8881001	-29.6088
	-68.8881001	-29.6105
	-68.8881001	-29.6128
	-68.8873001	-29.6157
	-68.8873001	-29.6193
	-68.8873001	-29.6217
	-68.8829001	-29.6247
	-68.8812001	-29.6264
	-68.8798001	-29.6282
	-68.8776001	-29.6297
	-68.8752001	-29.6306
	-68.8736001	-29.6316
	-68.8713001	-29.6323
	-68.8689001	-29.6331
	-68.8662001	-29.634
	-68.8654001	-29.6342
	-68.8631001	-29.6351
	-68.8607001	-29.6353
	-68.8589001	-29.6355
	-68.8559001	-29.6334
	-68.8526001	-29.6321
	-68.8518001	-29.6322
	-68.8511001	-29.6324
	-68.8505001	-29.6326
	-68.8485001	-29.6331
	-68.8470001	-29.6333
	-68.8450001	-29.6333
	-68.8437001	-29.6329
	-68.8418001	-29.6327
	-68.8397001	-29.6324
	-68.8368001	-29.6324
	-68.8349001	-29.6324
	-68.8343001	-29.6329
	-68.8335001	-29.6333
	-68.8316001	-29.634
	-68.8302001	-29.634
	-68.8284001	-29.6336
	-68.8253001	-29.6318
	-68.8228001	-29.6309
	-68.8209001	-29.6303
	-68.8175001	-29.6293
	-68.8155001	-29.6292
	-68.8134001	-29.6285
	-68.8123001	-29.6285
	-68.8092001	-29.6278
	-68.8078001	-29.6267
	-68.8061001	-29.626
	-68.8047001	-29.6254
	-68.8028001	-29.6249
	-68.8005001	-29.6246
	-68.7992001	-29.624
	-68.7962001	-29.6239
	-68.7942001	-29.6235
	-68.7933001	-29.6235
	-68.7921001	-29.6236
	-68.7907001	-29.6243
	-68.7890001	-29.6245
	-68.7873001	-29.6243
	-68.7848001	-29.6242
	-68.7833001	-29.6245
	-68.7814001	-29.6257
	-68.7795001	-29.6262
	-68.7765001	-29.6282
	-68.7739001	-29.6292
	-68.7713001	-29.6312
	-68.7686001	-29.6312
	-68.7667001	-29.6315
	-68.7647001	-29.6318
	-68.7607001	-29.6324
	-68.7585001	-29.6328
	-68.7557001	-29.632
	-68.7543001	-29.6316
	-68.7516001	-29.6316
	-68.7504001	-29.6314
	-68.7495001	-29.6314
	-68.7479001	-29.6317
	-68.7477001	-29.6317
	-68.7463001	-29.631
	-68.7434001	-29.6292
	-68.7413001	-29.6278
	-68.7387001	-29.6265
	-68.7382001	-29.6263
	-68.7375001	-29.6262
	-68.7371001	-29.6259
	-68.7365001	-29.6257
	-68.7364001	-29.6256
	-68.7355001	-29.6254
	-68.7351001	-29.6254
	-68.7342894	-29.6268793
	-68.7330001	-29.626
	-68.7327001	-29.6263
	-68.7292001	-29.6264
	-68.7190001	-29.628
	-68.7186001	-29.628
	-68.7179001	-29.628
	-68.7170001	-29.6283
	-68.7161001	-29.6284
	-68.7151001	-29.6286
	-68.7140001	-29.6289
	-68.7128001	-29.6291
	-68.7120001	-29.6298
	-68.7110001	-29.6304
	-68.7109001	-29.6304
	-68.7094001	-29.6314
	-68.7084001	-29.6318
	-68.7065001	-29.6329
	-68.7050001	-29.6337
	-68.7034001	-29.6346
	-68.7017001	-29.6351
	-68.6996001	-29.6357
	-68.6979001	-29.6362
	-68.6936001	-29.6376
	-68.6920001	-29.6379
	-68.6907001	-29.6383
	-68.6893001	-29.639
	-68.6881001	-29.6395
	-68.6868001	-29.6403
	-68.6867001	-29.6405
	-68.6865001	-29.6406
	-68.6857001	-29.6411
	-68.6855001	-29.6413
	-68.6851001	-29.6418
	-68.6846001	-29.6425
	-68.6843001	-29.6428
	-68.6838001	-29.6433
	-68.6836001	-29.6442
	-68.6833001	-29.6452
	-68.6832001	-29.6458
	-68.6830001	-29.6464
	-68.6825001	-29.6465
	-68.6820001	-29.6465
	-68.6815001	-29.6465
	-68.6809001	-29.6458
	-68.6802001	-29.6455
	-68.6795001	-29.6451
	-68.6786001	-29.6443
	-68.6780001	-29.6436
	-68.6772001	-29.6434
	-68.6763001	-29.6431
	-68.6752001	-29.6428
	-68.6747001	-29.6425
	-68.6741001	-29.6421
	-68.6732001	-29.6414
	-68.6728001	-29.6411
	-68.6720001	-29.6409
	-68.6713001	-29.6406
	-68.6707001	-29.6404
	-68.6694001	-29.6401
	-68.6686001	-29.6399
	-68.6678001	-29.6399
	-68.6666001	-29.64
	-68.6658001	-29.64
	-68.6646001	-29.6402
	-68.6634001	-29.6399
	-68.6626001	-29.6399
	-68.6618001	-29.6399
	-68.6612001	-29.6399
	-68.6602001	-29.6399
	-68.6595001	-29.6399
	-68.6585001	-29.64
	-68.6575001	-29.6404
	-68.6563001	-29.6406
	-68.6550001	-29.6408
	-68.6537001	-29.6409
	-68.6528001	-29.6407
	-68.6527001	-29.6407
	-68.6518001	-29.6402
	-68.6510001	-29.6397
	-68.6496001	-29.6395
	-68.6487001	-29.639
	-68.6480001	-29.639
	-68.6475001	-29.6393
	-68.6466001	-29.6394
	-68.6460001	-29.6398
	-68.6453001	-29.6396
	-68.6447001	-29.6397
	-68.6432001	-29.6395
	-68.6424001	-29.6392
	-68.6412001	-29.639
	-68.6404001	-29.639
	-68.6396001	-29.639
	-68.6389001	-29.6392
	-68.6381001	-29.6393
	-68.6368001	-29.6397
	-68.6361001	-29.6403
	-68.6353001	-29.6412
	-68.6345001	-29.6416
	-68.6336001	-29.6421
	-68.6326001	-29.6422
	-68.6314001	-29.6424
	-68.6309001	-29.6424
	-68.6297001	-29.6426
	-68.6286001	-29.6427
	-68.6274001	-29.6434
	-68.6261001	-29.6437
	-68.6247001	-29.6443
	-68.6242001	-29.6447
	-68.6231001	-29.6452
	-68.6218001	-29.6456
	-68.6206001	-29.6458
	-68.6189001	-29.6458
	-68.6177001	-29.6455
	-68.6170001	-29.6453
	-68.6156001	-29.6453
	-68.6140001	-29.6451
	-68.6124001	-29.6451
	-68.6108001	-29.6444
	-68.6096001	-29.644
	-68.6080001	-29.644
	-68.6058001	-29.6442
	-68.6025001	-29.6442
	-68.6005001	-29.6436
	-68.5987001	-29.6422
	-68.5973001	-29.6415
	-68.5960001	-29.6412
	-68.5938001	-29.6408
	-68.5917001	-29.6404
	-68.5890001	-29.6405
	-68.5867001	-29.6406
	-68.5841001	-29.6409
	-68.5819001	-29.6404
	-68.5808001	-29.6402
	-68.5787001	-29.6401
	-68.5772001	-29.6392
	-68.5752001	-29.6388
	-68.5731001	-29.6379
	-68.5701001	-29.6373
	-68.5689001	-29.637
	-68.5683001	-29.637
	-68.5673001	-29.637
	-68.5665001	-29.637
	-68.5646001	-29.6379
	-68.5609001	-29.6377
	-68.5577001	-29.6375
	-68.5550001	-29.6374
	-68.5526001	-29.6374
	-68.5495001	-29.6374
	-68.5467001	-29.6375
	-68.5387001	-29.6396
	-68.5321001	-29.6388
	-68.5277001	-29.6385
	-68.5238001	-29.6379
	-68.5202001	-29.6375
	-68.5174001	-29.6378
	-68.5147001	-29.6382
	-68.5120001	-29.6389
	-68.5088001	-29.6396
	-68.5053001	-29.6408
	-68.5017001	-29.6408
	-68.4970001	-29.6405
	-68.4930001	-29.6408
	-68.4908001	-29.641
	-68.4872001	-29.6422
	-68.4842001	-29.6427
	-68.4798001	-29.6432
	-68.4771001	-29.6435
	-68.4712001	-29.6438
	-68.4677001	-29.6443
	-68.4643001	-29.645
	-68.4609001	-29.6457
	-68.4566001	-29.6468
	-68.4535001	-29.6474
	-68.4502001	-29.648
	-68.4477001	-29.649
	-68.4449001	-29.6498
	-68.4413001	-29.6505
	-68.2700036	-29.7408359
	-68.2585006	-29.7468993
	-68.2600001	-29.7477
	-68.2610001	-29.7485
	-68.2623001	-29.7492
	-68.2627842	-29.74966
	-68.2643001	-29.7511
	-68.2663001	-29.7531
	-68.2666001	-29.7544
	-68.2679001	-29.7571
	-68.2678001	-29.7586
	-68.2668237	-29.7597391
	-68.2666001	-29.76
	-68.2661248	-29.7604356
	-68.2654001	-29.7611
	-68.2642001	-29.7616
	-68.2612001	-29.7628
	-68.2602499	-29.7633542
	-68.2600001	-29.7635
	-68.2595216	-29.7639442
	-68.2586001	-29.7648
	-68.2584001	-29.7651
	-68.2580169	-29.7656573
	-68.2573001	-29.7667
	-68.2566001	-29.7682
	-68.2563001	-29.7703
	-68.2555001	-29.7723
	-68.2550001	-29.7741
	-68.255	-29.7750289
	-68.2550001	-29.776
	-68.2550001	-29.7775
	-68.2550001	-29.7782
	-68.2546029	-29.7790273
	-68.2538001	-29.7807
	-68.2521001	-29.7813
	-68.2515001	-29.7818
	-68.2498001	-29.7822
	-68.2478001	-29.782
	-68.2455001	-29.7816
	-68.2437001	-29.7812
	-68.2435317	-29.7811579
	-68.2417001	-29.7807
	-68.2385001	-29.7798
	-68.2365001	-29.7791
	-68.2363931	-29.7790885
	-68.2337001	-29.7788
	-68.2323001	-29.7788
	-68.2308901	-29.7793716
	-68.2289933	-29.7801405
	-68.2286001	-29.7803
	-68.2271001	-29.7816
	-68.2261001	-29.7824
	-68.2248001	-29.7831
	-68.2242527	-29.7833432
	-68.2224334	-29.7841518
	-68.2221001	-29.7843
	-68.2220028	-29.7843177
	-68.2210001	-29.7845
	-68.2208629	-29.7845187
	-68.2188001	-29.7848
	-68.2179796	-29.7844172
	-68.2173001	-29.7841
	-68.2171001	-29.7839
	-68.2165179	-29.7837836
	-68.2151001	-29.7835
	-68.214871	-29.7835
	-68.2127001	-29.7835
	-68.2122001	-29.7832
	-68.211843	-29.7831725
	-68.2109001	-29.7831
	-68.2101718	-29.7831
	-68.2093564	-29.7831
	-68.2091001	-29.7831
	-68.2086001	-29.7837
	-68.2081762	-29.7837
	-68.2071001	-29.7837
	-68.2069514	-29.7837619
	-68.2059001	-29.7842
	-68.205792	-29.7841595
	-68.2051001	-29.7839
	-68.2043015	-29.7833677
	-68.2036001	-29.7829
	-68.202785	-29.7821477
	-68.2023001	-29.7817
	-68.2006001	-29.781
	-68.1995946	-29.7810628
	-68.1990001	-29.7811
	-68.1989082	-29.7811765
	-68.1984001	-29.7816
	-68.1981653	-29.7818152
	-68.1972001	-29.7827
	-68.1966001	-29.7834
	-68.1961001	-29.7838
	-68.1961001	-29.7839
	-68.1959001	-29.7841
	-68.1950001	-29.7849
	-68.1947607	-29.785259
	-68.1946001	-29.7855
	-68.1937581	-29.7859631
	-68.1926001	-29.7866
	-68.1925147	-29.78692
	-68.192403	-29.7873388
	-68.1922001	-29.7881
	-68.1921883	-29.7881744
	-68.1920548	-29.7890195
	-68.1919674	-29.7895729
	-68.1919001	-29.79
	-68.1913555	-29.7915426
	-68.1913001	-29.7917
	-68.1912001	-29.7929
	-68.1912001	-29.7937
	-68.1911469	-29.7939478
	-68.1909001	-29.7951
	-68.1904001	-29.7962
	-68.1902691	-29.7963832
	-68.1897981	-29.7970426
	-68.1894001	-29.7976
	-68.1882001	-29.7987
	-68.1875001	-29.7992
	-68.1859001	-29.8008
	-68.1852001	-29.803
	-68.1847001	-29.8055
	-68.1847001	-29.808
	-68.1847001	-29.8112
	-68.1841001	-29.8118
	-68.1836001	-29.8129
	-68.1836001	-29.8139
	-68.1838001	-29.8155
	-68.1839001	-29.8164
	-68.1837001	-29.8168
	-68.1832001	-29.8176
	-68.1827001	-29.8182
	-68.1821001	-29.8192
	-68.1818001	-29.8206
	-68.1822001	-29.8226
	-68.1823234	-29.8227696
	-68.1830001	-29.8237
	-68.1831712	-29.824145
	-68.1835001	-29.825
	-68.183909	-29.8260225
	-68.1841001	-29.8265
	-68.1840188	-29.8275561
	-68.1840001	-29.8278
	-68.1839074	-29.8288187
	-68.1839001	-29.8289
	-68.1839001	-29.8298
	-68.1839	-29.8299386
	-68.1839001	-29.8303
	-68.1839001	-29.8314
	-68.1839279	-29.8315024
	-68.1842001	-29.8325
	-68.1843171	-29.8331244
	-68.1845001	-29.8341
	-68.1847001	-29.8353
	-68.1850001	-29.8362
	-68.1849068	-29.8368993
	-68.1848324	-29.8374567
	-68.1848001	-29.8377
	-68.1844415	-29.8390445
	-68.1844001	-29.8392
	-68.1838001	-29.8403
	-68.1837001	-29.8416
	-68.1838288	-29.8422442
	-68.1839874	-29.8430369
	-68.1841001	-29.8436
	-68.1841001	-29.8446
	-68.1841001	-29.8457
	-68.1841725	-29.8459175
	-68.1846001	-29.8472
	-68.1845025	-29.8476385
	-68.1844001	-29.8481
	-68.1835001	-29.8488
	-68.183437	-29.8489155
	-68.1829001	-29.8499
	-68.1822001	-29.8505
	-68.1818001	-29.8528
	-68.1810001	-29.8546
	-68.1806001	-29.8556
	-68.1801001	-29.8557
	-68.1791785	-29.8567532
	-68.1787001	-29.8573
	-68.1775126	-29.8581575
	-68.1769001	-29.8586
	-68.1767859	-29.8586428
	-68.1753001	-29.8592
	-68.1738001	-29.8596
	-68.1708001	-29.8606
	-68.1690001	-29.8618
	-68.1677737	-29.8621066
	-68.1674001	-29.8622
	-68.166808	-29.862348
	-68.1662001	-29.8625
	-68.1657001	-29.8624
	-68.1650001	-29.8629
	-68.1647117	-29.8631662
	-68.1637001	-29.8641
	-68.1636498	-29.8642674
	-68.1634001	-29.8651
	-68.1634729	-29.865277
	-68.1641001	-29.8668
	-68.1641619	-29.8669392
	-68.1645001	-29.8677
	-68.164643	-29.8679861
	-68.1649001	-29.8685
	-68.1649207	-29.8686658
	-68.1650001	-29.8693
	-68.1650373	-29.8698223
	-68.1651001	-29.8707
	-68.1654157	-29.8721204
	-68.1655001	-29.8725
	-68.1655683	-29.8731146
	-68.1656001	-29.8734
	-68.1652621	-29.8740275
	-68.1649001	-29.8747
	-68.1642544	-29.8754379
	-68.1642001	-29.8755
	-68.164033	-29.8758673
	-68.1637001	-29.8766
	-68.1633001	-29.877
	-68.1630001	-29.8775
	-68.1615001	-29.8789
	-68.1609001	-29.8795
	-68.1606001	-29.8798
	-68.1600001	-29.8811
	-68.1599302	-29.8814492
	-68.1598001	-29.8821
	-68.1599001	-29.8833
	-68.1598001	-29.8838
	-68.1596001	-29.8843
	-68.1594038	-29.8845698
	-68.1591175	-29.8849634
	-68.1588001	-29.8854
	-68.1575	-29.886
	-68.1550001	-29.8859
	-68.1534	-29.8864
	-68.152	-29.8869
	-68.1515518	-29.8872361
	-68.1512	-29.8875
	-68.1503001	-29.8881
	-68.1487815	-29.888169
	-68.1481001	-29.8882
	-68.1474157	-29.8880479
	-68.1472001	-29.888
	-68.1461001	-29.8875
	-68.1454492	-29.8874277
	-68.1452	-29.8874
	-68.1448522	-29.8872145
	-68.1441505	-29.8868403
	-68.1437	-29.8866
	-68.1427	-29.8861
	-68.1419	-29.8857
	-68.1412	-29.885
	-68.1396	-29.8845
	-68.1381001	-29.8843
	-68.1362001	-29.884
	-68.1349001	-29.884
	-68.1339001	-29.8842
	-68.133544	-29.8841407
	-68.1327001	-29.884
	-68.1314001	-29.8841
	-68.1301	-29.8848
	-68.1283001	-29.8852
	-68.127681	-29.8850452
	-68.1267	-29.8848
	-68.1262992	-29.8845328
	-68.1260202	-29.8843468
	-68.1258001	-29.8842
	-68.1253808	-29.884069
	-68.1249394	-29.8839311
	-68.1242001	-29.8837
	-68.1227001	-29.8834
	-68.1218001	-29.8836
	-68.1204001	-29.8836
	-68.1198779	-29.8838321
	-68.1195001	-29.884
	-68.1175001	-29.8845
	-68.1166001	-29.8851
	-68.1151	-29.8851
	-68.11381	-29.88467
	-68.1136001	-29.8846
	-68.1122	-29.8848
	-68.1109	-29.8849
	-68.1097001	-29.8848
	-68.1083001	-29.8844
	-68.1074001	-29.8842
	-68.1062001	-29.8841
	-68.1052001	-29.8842
	-68.1042001	-29.8847
	-68.1029001	-29.8854
	-68.1022001	-29.8855
	-68.1011	-29.8857
	-68.1001	-29.8859
	-68.0988	-29.8866
	-68.0985	-29.887
	-68.0975	-29.8873
	-68.0963	-29.8877
	-68.0953001	-29.888
	-68.0946001	-29.8885
	-68.0941402	-29.8886672
	-68.0935001	-29.8889
	-68.0923001	-29.8892
	-68.0917001	-29.8895
	-68.0904001	-29.8897
	-68.0893001	-29.8896
	-68.0888621	-29.8895374
	-68.0879001	-29.8894
	-68.0860001	-29.89
	-68.0857173	-29.89
	-68.0846001	-29.89
	-68.0841001	-29.89
	-68.0825001	-29.8899
	-68.0800001	-29.89
	-68.0798001	-29.8904
	-68.0792001	-29.8916
	-68.0773001	-29.8917
	-68.0768827	-29.8915748
	-68.0763001	-29.8914
	-68.0754001	-29.8911
	-68.0750001	-29.8911
	-68.074301	-29.8909602
	-68.0740001	-29.8909
	-68.0736177	-29.8910195
	-68.0724001	-29.8914
	-68.0722862	-29.8916276
	-68.0722001	-29.8918
	-68.0712001	-29.8932
	-68.0694001	-29.8946
	-68.0694	-29.8949384
	-68.0694001	-29.8952
	-68.0687001	-29.8958
	-68.0675001	-29.8958
	-68.0661001	-29.8958
	-68.065492	-29.8960702
	-68.0652001	-29.8962
	-68.0647951	-29.896418
	-68.0639001	-29.8969
	-68.0634001	-29.8973
	-68.0628687	-29.8974771
	-68.0625001	-29.8976
	-68.0619614	-29.8978693
	-68.0617001	-29.898
	-68.0609001	-29.8985
	-68.0596001	-29.8989
	-68.0591565	-29.8989739
	-68.0584001	-29.8991
	-68.0582851	-29.8991265
	-68.0571001	-29.8994
	-68.0565001	-29.8994
	-68.0543001	-29.9003
	-68.0530001	-29.9013
	-68.0523001	-29.9027
	-68.0510001	-29.904
	-68.0505182	-29.9046624
	-68.0502001	-29.9051
	-68.0498001	-29.906
	-68.049428	-29.9063189
	-68.0491001	-29.9066
	-68.0480001	-29.9068
	-68.0467001	-29.9073
	-68.0455001	-29.908
	-68.0450001	-29.9092
	-68.044952	-29.9095361
	-68.0448153	-29.9104931
	-68.0448001	-29.9106
	-68.0446	-29.911
	-68.0444001	-29.9114
	-68.0440001	-29.9123
	-68.0429001	-29.9129
	-68.0421001	-29.9137
	-68.0414105	-29.9140831
	-68.0412001	-29.9142
	-68.0404001	-29.9149
	-68.0399001	-29.9161
	-68.0396024	-29.9162786
	-68.0394001	-29.9164
	-68.0390001	-29.9173
	-68.039	-29.9175751
	-68.0390001	-29.9179
	-68.0385001	-29.9192
	-68.0382001	-29.9201
	-68.0371805	-29.9205855
	-68.0365741	-29.9208742
	-68.0361001	-29.9211
	-68.0357001	-29.9217
	-68.0347001	-29.9228
	-68.0343001	-29.9237
	-68.0339001	-29.9249
	-68.0338007	-29.925049
	-68.0333001	-29.9258
	-68.0331709	-29.9259936
	-68.0327001	-29.9267
	-68.0318854	-29.9272702
	-68.0317001	-29.9274
	-68.0312533	-29.9275718
	-68.0304001	-29.9279
	-68.0295001	-29.9281
	-68.0282001	-29.9291
	-68.0276001	-29.9302
	-68.0271001	-29.9311
	-68.0266001	-29.9318
	-68.0260001	-29.9327
	-68.0255001	-29.9336
	-68.0253565	-29.9341261
	-68.0252001	-29.9347
	-68.0246001	-29.9359
	-68.024426	-29.9363061
	-68.0243001	-29.9366
	-68.0241001	-29.9374
	-68.0224001	-29.938
	-68.0222915	-29.9379891
	-68.0214001	-29.9379
	-68.0204001	-29.9381
	-68.0191001	-29.939
	-68.0188001	-29.9393
	-68.0177001	-29.9399
	-68.0172001	-29.9406
	-68.0168208	-29.9408167
	-68.0165001	-29.941
	-68.0163001	-29.9413
	-68.0158001	-29.9419
	-68.0155001	-29.9421
	-68.0150001	-29.9429
	-68.0142001	-29.9437
	-68.0134001	-29.9443
	-68.0134001	-29.9452
	-68.0137001	-29.946
	-68.0131001	-29.9464
	-68.0131245	-29.9465064
	-68.0134001	-29.9477
	-68.0133427	-29.9482731
	-68.0133001	-29.9487
	-68.0132625	-29.9487875
	-68.0130001	-29.9494
	-68.0124001	-29.9501
	-68.0121206	-29.9508682
	-68.0120001	-29.9512
	-68.0111001	-29.9524
	-68.0107001	-29.9529
	-68.0105777	-29.9530834
	-68.0103001	-29.9535
	-68.0099173	-29.954074
	-68.0097001	-29.9544
	-68.0095001	-29.955
	-68.009007	-29.955493
	-68.0085001	-29.956
	-68.0085001	-29.9568
	-68.0082001	-29.9574
	-68.0079001	-29.9579
	-68.0068001	-29.9588
	-68.0060001	-29.9596
	-68.0059001	-29.9603
	-68.0059001	-29.9612
	-68.006	-29.9623
	-68.0060638	-29.9629381
	-68.0061	-29.9633
	-68.0054	-29.9637
	-68.0052	-29.9644
	-68.0043	-29.9651
	-68.0037	-29.9656
	-68.003	-29.9661
	-68.003	-29.9673
	-68.0027291	-29.9678961
	-68.0025	-29.9684
	-68.0024423	-29.9686887
	-68.0023	-29.9694
	-68.0020845	-29.969777
	-68.0019	-29.9701
	-68.0011	-29.971
	-68.0009	-29.9715
	-68.0007543	-29.9717671
	-68.0003	-29.9726
	-67.9997	-29.9731001
	-67.9992	-29.9741
	-67.9988	-29.9749
	-67.9982	-29.9757
	-67.9977	-29.9761
	-67.9973	-29.9763
	-67.9966	-29.9767
	-67.9951	-29.9773
	-67.9941	-29.9777
	-67.9929	-29.9783
	-67.992	-29.9792
	-67.9915	-29.9801
	-67.9914	-29.9816
	-67.9912	-29.9823
	-67.9913	-29.9832
	-67.9914	-29.9841
	-67.9914215	-29.9843148
	-67.9915	-29.9851
	-67.9913836	-29.9855657
	-67.9912	-29.9863
	-67.9909	-29.9868
	-67.9901	-29.9881
	-67.9891	-29.9891
	-67.9885	-29.9897
	-67.988	-29.9903
	-67.9869	-29.9913
	-67.9865616	-29.9916384
	-67.9862	-29.992
	-67.9855	-29.9924
	-67.985	-29.9929
	-67.9838	-29.9933
	-67.9832	-29.9936
	-67.9826	-29.9939
	-67.9812	-29.9943
	-67.9806	-29.9945
	-67.9796	-29.9949
	-67.9796	-29.9958
	-67.9793	-29.997
	-67.9787	-29.9972
	-67.9785059	-29.9972863
	-67.9778	-29.9976
	-67.9774	-29.9984
	-67.9768	-29.9992
	-67.9763	-29.9999
	-67.9758	-30.0004
	-67.9751	-30.0014
	-67.9746	-30.0019
	-67.9737	-30.0024
	-67.9729	-30.0031
	-67.9724	-30.0034
	-67.9715	-30.0035
	-67.9713594	-30.0036406
	-67.9708	-30.0042
	-67.9706248	-30.0043752
	-67.9702	-30.0048
	-67.9699	-30.0053
	-67.9691	-30.0058
	-67.9688	-30.0064
	-67.9687	-30.007
	-67.9688	-30.0083
	-67.9687	-30.0089
	-67.9684	-30.0093
	-67.9669	-30.0099
	-67.9656	-30.0103
	-67.9649588	-30.0104603
	-67.964	-30.0107
	-67.9635	-30.0108
	-67.9624	-30.0109
	-67.9621	-30.0109
	-67.9611	-30.0109
	-67.9602	-30.0106
	-67.9599437	-30.0106
	-67.9592	-30.0106
	-67.9587936	-30.0108709
	-67.958	-30.0114
	-67.9577685	-30.0124805
	-67.9577	-30.0128
	-67.9572	-30.0136
	-67.9561	-30.0145
	-67.9543	-30.0155
	-67.9523	-30.0164
	-67.9508	-30.0174
	-67.9501	-30.0178
	-67.949	-30.0185
	-67.9480738	-30.0190293
	-67.9476	-30.0193
	-67.947	-30.02
	-67.9460679	-30.0210875
	-67.9458	-30.0214
	-67.9452	-30.0225
	-67.9442	-30.0236
	-67.9427	-30.0249
	-67.9413	-30.0259
	-67.9405	-30.0262
	-67.939	-30.027
	-67.9384136	-30.027377
	-67.9376	-30.0279
	-67.9361	-30.0286
	-67.9347	-30.0293
	-67.9336	-30.0294
	-67.9325187	-30.0295272
	-67.9319	-30.0296
	-67.9309458	-30.030009
	-67.9305	-30.0302
	-67.929834	-30.031162
	-67.9296	-30.0315
	-67.9297992	-30.0320229
	-67.9300373	-30.0326478
	-67.9304	-30.0336
	-67.9299	-30.035
	-67.9295506	-30.035757
	-67.9293	-30.0363
	-67.9288169	-30.0370085
	-67.9278	-30.0385
	-67.9269	-30.0388
	-67.9261	-30.0396
	-67.9253	-30.0404
	-67.9243	-30.0413
	-67.9233	-30.0421
	-67.922	-30.0437
	-67.9213	-30.0446
	-67.9212	-30.0446
	-67.9206	-30.0456
	-67.9198	-30.0464
	-67.9193	-30.0474
	-67.9185623	-30.0479269
	-67.9179	-30.0484
	-67.9174422	-30.048578
	-67.9161	-30.0491
	-67.9148	-30.0491
	-67.9142699	-30.0494181
	-67.9136809	-30.0497714
	-67.9133	-30.05
	-67.9131	-30.0507
	-67.9119	-30.051
	-67.9109984	-30.0512254
	-67.9103	-30.0514
	-67.9092	-30.0518
	-67.9089	-30.0522
	-67.9090001	-30.0527
	-67.9095001	-30.0532
	-67.9100001	-30.0532
	-67.9104001	-30.054
	-67.9109001	-30.0544
	-67.9109001	-30.0548
	-67.9109001	-30.0559
	-67.9106001	-30.0566
	-67.9102001	-30.0569
	-67.9096001	-30.0575
	-67.9091175	-30.0576689
	-67.9076001	-30.0582
	-67.9066001	-30.0588
	-67.905628	-30.0593184
	-67.9051001	-30.0596
	-67.9043001	-30.0603
	-67.9038001	-30.0615
	-67.9039001	-30.0622
	-67.9043001	-30.0627
	-67.9051001	-30.0634
	-67.9058001	-30.0644
	-67.9058548	-30.0650579
	-67.9059001	-30.0656
	-67.9058357	-30.0658359
	-67.9056001	-30.0667
	-67.9053001	-30.0672
	-67.9044001	-30.0678
	-67.9037001	-30.0681
	-67.9031001	-30.0685
	-67.9019001	-30.0689
	-67.9009001	-30.0697
	-67.9003001	-30.0707
	-67.9000001	-30.0713
	-67.8995001	-30.0716
	-67.8993001	-30.0722
	-67.8991001	-30.0734
	-67.8983001	-30.0743
	-67.8975001	-30.0745
	-67.8972466	-30.0745362
	-67.8954	-30.0748
	-67.8941	-30.0748
	-67.8936568	-30.0749108
	-67.8933	-30.075
	-67.8931188	-30.075151
	-67.8927	-30.0755
	-67.8921	-30.0758
	-67.8918	-30.0763
	-67.8914	-30.0769
	-67.891	-30.0776
	-67.8904	-30.0779
	-67.8895	-30.0782
	-67.8886	-30.0789
	-67.8884	-30.0795
	-67.8877	-30.0798
	-67.8865	-30.0798
	-67.8862464	-30.0796479
	-67.886	-30.0795
	-67.8852	-30.0786
	-67.8850174	-30.078113
	-67.8849	-30.0778
	-67.8849	-30.0772
	-67.8851	-30.0765
	-67.8854022	-30.0761978
	-67.8862	-30.0754
	-67.8863826	-30.0744871
	-67.8865001	-30.0739
	-67.8861001	-30.0737
	-67.8856001	-30.0735
	-67.8841	-30.0741
	-67.8834001	-30.0741
	-67.8826001	-30.0741
	-67.8816001	-30.0746
	-67.8802	-30.0746
	-67.8799007	-30.0746333
	-67.8793	-30.0747
	-67.8788	-30.0749
	-67.878	-30.075
	-67.8774	-30.0751
	-67.8769	-30.0756
	-67.8768086	-30.0758971
	-67.8765	-30.0769
	-67.876	-30.0775
	-67.8752	-30.0782
	-67.8737	-30.0788
	-67.8732	-30.0791
	-67.8727	-30.0795
	-67.8722728	-30.0802831
	-67.8721	-30.0806
	-67.8721	-30.0814
	-67.8724	-30.0823
	-67.8728	-30.0828
	-67.8729796	-30.0829283
	-67.8735	-30.0833
	-67.8739	-30.0835
	-67.8741	-30.0836
	-67.8739	-30.0841
	-67.8739	-30.0842545
	-67.8739	-30.0847
	-67.8734	-30.085
	-67.8729	-30.085
	-67.8717	-30.0853
	-67.8709	-30.0854
	-67.8707	-30.0861
	-67.8706	-30.0863
	-67.8706	-30.087
	-67.8706	-30.0875222
	-67.8706	-30.0882
	-67.8705	-30.0888
	-67.8703063	-30.0892841
	-67.8701	-30.0898
	-67.8696	-30.0901
	-67.8689	-30.0901
	-67.8685	-30.0908
	-67.8676	-30.0912
	-67.8673704	-30.0915673
	-67.8671	-30.092
	-67.8663	-30.0928
	-67.8648	-30.0928
	-67.8641	-30.0928
	-67.8633	-30.0937
	-67.8633	-30.094
	-67.8631	-30.0943
	-67.8626	-30.0952
	-67.8619	-30.0955
	-67.8617092	-30.0954762
	-67.8611	-30.0954
	-67.8603	-30.0951
	-67.8598	-30.0949
	-67.8596	-30.0948
	-67.8593	-30.095
	-67.8593	-30.0953
	-67.8592	-30.0958
	-67.8589	-30.0964
	-67.8588	-30.0971
	-67.8583143	-30.0983141
	-67.8582	-30.0986
	-67.858	-30.0996
	-67.857	-30.1005
	-67.856	-30.1007
	-67.8547	-30.101
	-67.8539	-30.101
	-67.8531	-30.1017
	-67.8515	-30.1022
	-67.8507	-30.1022
	-67.8501	-30.1022
	-67.8489	-30.1016
	-67.8485	-30.1013
	-67.848	-30.1007
	-67.8473	-30.1006
	-67.8454	-30.1019
	-67.8455	-30.1029
	-67.8458	-30.1033
	-67.8464	-30.1042
	-67.8446	-30.1055
	-67.844	-30.1059
	-67.843	-30.1072
	-67.8413	-30.1077
	-67.8404	-30.1077
	-67.8391	-30.1072
	-67.8381	-30.1061
	-67.8367	-30.1055
	-67.8358	-30.1059
	-67.8348	-30.107
	-67.8342	-30.1079
	-67.8336	-30.109
	-67.8329	-30.111
	-67.8328	-30.1128
	-67.8313	-30.114
	-67.83	-30.1153
	-67.8292	-30.1158
	-67.8281	-30.1162
	-67.8267	-30.1166
	-67.8265289	-30.1166306
	-67.8239	-30.1171
	-67.8216	-30.1182
	-67.8195	-30.1194
	-67.8174	-30.1214
	-67.8169	-30.1244
	-67.8163008	-30.1271959
	-67.6863	-30.2149
	-67.6859	-30.2153
	-67.6854	-30.2161
	-67.685	-30.2166
	-67.6845	-30.2172
	-67.6838	-30.2178
	-67.6833	-30.2184
	-67.6831	-30.2189
	-67.683	-30.2192
	-67.6827	-30.2197
	-67.6823	-30.2202
	-67.6822	-30.2206
	-67.6819	-30.2214
	-67.6817	-30.2219
	-67.6816	-30.2223
	-67.6815	-30.223
	-67.6816	-30.2232
	-67.6817	-30.2242
	-67.6816	-30.2247
	-67.6812	-30.2258
	-67.6808	-30.2268
	-67.6805	-30.2278
	-67.6801	-30.2284
	-67.6795	-30.2294
	-67.679	-30.2304
	-67.6787	-30.2313
	-67.678	-30.2323
	-67.6774	-30.233
	-67.6772	-30.2331
	-67.6757	-30.234
	-67.6749	-30.2349
	-67.6742	-30.2357
	-67.6734	-30.2365
	-67.6723	-30.2371
	-67.6715	-30.2373
	-67.67	-30.2383
	-67.6692	-30.2387
	-67.6682	-30.2391
	-67.6674	-30.2397
	-67.6665	-30.2401
	-67.6658	-30.2405
	-67.6654	-30.2407
	-67.6654	-30.2408
	-67.6651	-30.2409
	-67.6646	-30.2412
	-67.6637	-30.2416
	-67.663	-30.2421
	-67.6615	-30.2431
	-67.6609	-30.2435
	-67.6599	-30.2443
	-67.659	-30.245
	-67.6584	-30.2455
	-67.6571	-30.2465
	-67.6562	-30.2472
	-67.6561	-30.2474
	-67.6556	-30.2481
	-67.6536	-30.2494
	-67.6529	-30.2502
	-67.6519	-30.2509
	-67.6512	-30.2512
	-67.6507	-30.2516
	-67.6501	-30.2523
	-67.6495	-30.2531
	-67.6489	-30.2539
	-67.6485	-30.2548
	-67.6477	-30.2557
	-67.6458	-30.2568
	-67.6446	-30.2576
	-67.6439	-30.2581
	-67.643	-30.259
	-67.6425	-30.2595
	-67.641	-30.2604
	-67.6397	-30.2613
	-67.6388	-30.2624
	-67.6377	-30.2629
	-67.637	-30.2635
	-67.6358	-30.2638
	-67.635	-30.2641
	-67.6344	-30.2645
	-67.6338	-30.2655
	-67.6337	-30.2662
	-67.6334	-30.2669
	-67.6333	-30.2675
	-67.6326	-30.2682
	-67.632	-30.2694
	-67.6317	-30.2702
	-67.6312	-30.2707
	-67.6304	-30.2713
	-67.6298	-30.2716
	-67.6292	-30.2719
	-67.6285	-30.272
	-67.6276	-30.2722
	-67.6274	-30.2722
	-67.6267	-30.2724
	-67.6265	-30.2729
	-67.6263	-30.2731
	-67.6258	-30.2742
	-67.6253	-30.2751
	-67.6249	-30.2754
	-67.6242	-30.2758
	-67.6232	-30.276
	-67.6226	-30.2766
	-67.6225	-30.2767
	-67.6219	-30.2769
	-67.6211	-30.2776
	-67.6205	-30.2782
	-67.6199	-30.2786
	-67.6197	-30.2795
	-67.619	-30.2804
	-67.6185	-30.2811
	-67.618	-30.2819
	-67.6178	-30.2821
	-67.6173	-30.2832
	-67.617	-30.2836
	-67.6163	-30.2844
	-67.6146	-30.2851
	-67.6139	-30.2852
	-67.6132	-30.2853
	-67.6115	-30.2857
	-67.6112	-30.2859
	-67.61	-30.2874
	-67.6087	-30.2889
	-67.6079	-30.2895
	-67.6071	-30.2907
	-67.6069	-30.2918
	-67.6064	-30.293
	-67.6054	-30.2935
	-67.6045	-30.2941
	-67.6034	-30.2945
	-67.6028	-30.2948
	-67.6012	-30.2954
	-67.601	-30.2955
	-67.6008	-30.2957
	-67.6003	-30.2963
	-67.6001	-30.2963
	-67.5993	-30.2964
	-67.598	-30.297
	-67.5973	-30.2973
	-67.5957	-30.2976
	-67.5952	-30.2977
	-67.594	-30.2977
	-67.5932	-30.2977
	-67.5918	-30.2977
	-67.5909	-30.2981
	-67.5909	-30.3139
	-67.5912	-30.3149
	-67.5912	-30.3155
	-67.5914	-30.3162
	-67.5915	-30.3177
	-67.5916	-30.3181
	-67.5916	-30.3197
	-67.5918	-30.3206
	-67.5917	-30.3215
	-67.5916	-30.3222
	-67.5915	-30.3231
	-67.5915	-30.3247
	-67.5917	-30.3263
	-67.5911	-30.3274
	-67.591	-30.3285
	-67.5905	-30.3296
	-67.5897	-30.3307
	-67.5895	-30.3316
	-67.5891	-30.3324
	-67.589	-30.3329
	-67.5882	-30.3344
	-67.588	-30.3354
	-67.5879	-30.3356
	-67.5874	-30.3363
	-67.5872	-30.3371
	-67.5871	-30.3374
	-67.5868	-30.3387
	-67.5862	-30.34
	-67.5862	-30.3404
	-67.586	-30.3406
	-67.5859	-30.3413
	-67.586	-30.3422
	-67.5865	-30.3442
	-67.5866	-30.345
	-67.5868	-30.3462
	-67.5767	-30.3789
	-67.5766	-30.3799
	-67.5767	-30.3809
	-67.5771	-30.382
	-67.578	-30.3835
	-67.5782	-30.3845
	-67.5785	-30.3851
	-67.5793	-30.3873
	-67.5793	-30.3888
	-67.5795	-30.3912
	-67.5796	-30.393
	-67.5797	-30.3954
	-67.5794	-30.3981
	-67.5791	-30.4005
	-67.5786	-30.403
	-67.577	-30.4062
	-67.5078856	-30.5156007
	-67.4948	-30.5363
	-67.4935	-30.5378
	-67.4928	-30.5386
	-67.491	-30.5394
	-67.4903	-30.5407
	-67.4885	-30.5419
	-67.4875	-30.5429
	-67.4873	-30.5437
	-67.4869	-30.5447
	-67.4864	-30.5461
	-67.4849	-30.548
	-67.483	-30.5489
	-67.4806	-30.5505
	-67.4787	-30.5529
	-67.4762	-30.5551
	-67.474	-30.5569
	-67.4717	-30.5587
	-67.4697	-30.5598
	-67.468	-30.561
	-67.4655	-30.5627
	-67.4647	-30.5633
	-67.4632	-30.5642
	-67.4614	-30.5646
	-67.4599	-30.5654
	-67.456	-30.5686
	-67.4526	-30.5718
	-67.4463	-30.578
	-67.4414	-30.585
	-67.4357	-30.5921
	-67.4309	-30.5986
	-67.4288	-30.6043
	-67.4267	-30.6088
	-67.4245	-30.6143
	-67.4195	-30.62
	-67.4101	-30.6275
	-67.4055	-30.6293
	-67.3982	-30.6327
	-67.3945	-30.6356
	-67.3895	-30.6401
	-67.3867	-30.6429
	-67.3826	-30.6451
	-67.3777	-30.6467
	-67.3729	-30.6498
	-67.3669	-30.6524
	-67.3617	-30.6548
	-67.3552	-30.6574
	-67.3341	-30.6654
	-67.3135	-30.6739
	-67.2989	-30.6815
	-67.2828	-30.6953
	-67.2614	-30.7231
	-67.253	-30.7368
	-67.2206	-30.7692
	-67.21	-30.7877
	-67.202	-30.8044
	-67.1993	-30.8081
	-67.1971	-30.8135
	-67.1943	-30.8183
	-67.1919	-30.8214
	-67.1898	-30.8252
	-67.1876	-30.8285
	-67.1833	-30.8335
	-67.1781	-30.8385
	-67.1745	-30.843
	-67.1705	-30.848
	-67.1662	-30.8509
	-67.1622	-30.8535
	-67.1576	-30.8576
	-67.1545	-30.8621
	-67.1522	-30.8666
	-67.15	-30.8692
	-67.1464	-30.8742
	-67.1426	-30.8797
	-67.1384	-30.8837
	-67.1341	-30.8883
	-67.1305	-30.8921
	-67.1288	-30.8956
	-67.125	-30.8975
	-67.1141	-30.9002
	-67.1062	-30.9051
	-67.102	-30.9082
	-67.0965	-30.9104
	-67.0905	-30.9123
	-67.0853	-30.9142
	-67.0843	-30.9161
	-67.0851	-30.9201
	-67.0898	-30.9337
	-67.0931	-30.9444
	-67.0955	-30.9496
	-67.0985	-30.9582
	-67.0991	-30.9599
	-67.1017	-30.9692
	-67.1041	-30.9751
	-67.1048	-30.9815
	-67.1079	-30.9889
	-67.1093	-30.9946
	-67.1112	-31.001
	-67.1122	-31.0056
	-67.1124	-31.0106
	-67.1093	-31.0163
	-67.1039	-31.0251
	-67.1005	-31.0344
	-67.0922	-31.0608
	-67.0999988	-31.083532
	-67.1257	-31.1607
	-67.0753	-31.2274
	-67.1091	-31.3828
	-67.078379	-31.4338316
	-66.9585	-31.6327
	-66.8752	-31.6327
	-66.8507	-31.699
	-66.8452	-31.7146
	-66.8269	-31.7574
	-66.8251261	-31.7616706
	-66.8129	-31.7911
	-66.8043	-31.8088
	-66.8024	-31.8118
	-66.794	-31.823
	-66.792	-31.8254
	-66.7775	-31.8399
	-66.7684	-31.8479
	-66.7452	-31.8667
	-66.735	-31.8747
	-66.7227	-31.8838
	-66.7122	-31.8904
	-66.7016	-31.8968
	-66.6983	-31.8988
	-66.6718	-31.9143
	-66.6612829	-31.9210388
	-66.6049825	-31.9230227
	-66.6051144	-31.9336613
	-66.5686971	-31.9494488
	-66.3938215	-31.9846242
	-66.3854245	-31.9896888
	-66.3828121	-31.9904801
	-66.3690969	-31.9968104
	-66.3499703	-31.9982346
	-66.3550085	-31.9904801
	-66.3419465	-31.9532807
	-66.3378412	-31.9440181
	-66.3322432	-31.9420388
	-66.3327097	-31.9380801
	-66.3035067	-31.9335669
	-66.2996952	-31.9305463
	-66.2978515	-31.9315241
	-66.2945867	-31.932502
	-66.2935688	-31.9321762
	-66.2926661	-31.9316382
	-66.2823338	-31.9333659
	-66.2328881	-31.9402117
	-66.1584343	-31.9636445
	-66.1610467	-31.93942
	-66.1511569	-31.936728
	-66.141267	-31.9384699
	-66.0785691	-31.9701349
	-66.0679329	-31.9417952
	-66.0705453	-31.936728
	-66.0064862	-31.9029165
	-65.9927637	-31.8970915
	-65.9792487	-31.8891634
	-65.9769295	-31.8894243
	-65.9622334	-31.8948449
	-65.9464325	-31.9013139
	-65.9287857	-31.9065601
	-65.9231209	-31.9065601
	-65.9139885	-31.9100575
	-65.9045814	-31.9091832
	-65.8881019	-31.9109318
	-65.8763946	-31.9056858
	-65.865786	-31.9020425
	-65.8542847	-31.9000023
	-65.8393501	-31.8983992
	-65.8343424	-31.8987886
	-65.8286418	-31.898382
	-65.8263819	-31.897836
	-65.8250754	-31.8974915
	-65.8218424	-31.8968454
	-65.7923464	-31.8926119
	-65.7895072	-31.8921638
	-65.7857846	-31.8907915
	-65.7798913	-31.888473
	-65.7746855	-31.8893282
	-65.7707382	-31.8892087
	-65.7699108	-31.8890843
	-65.7700406	-31.7439303
	-65.7699913	-31.6166232
	-65.7701732	-31.4964382
	-65.7705792	-31.3682535
	-65.771093	-31.3354484
	-65.7714937	-31.2614157
	-65.7719837	-31.0445232
	-65.6413057	-30.7533282
	-65.5900864	-30.6398664
	-65.5212135	-30.4858775
	-65.4905881	-30.3717331
	-65.3982804	-30.1251272
	-65.5073502	-29.9038721
	-65.5452758	-29.8277609
	-65.5876221	-29.7191508
	-65.6064156	-29.6753091
	-65.6252092	-29.6314482
	-65.6440028	-29.5875683
	-65.6627964	-29.5436692
	-65.68159	-29.4997511
	-65.7003836	-29.4558139
	-65.7191772	-29.4118577
	-65.7194587	-29.4014997
	-65.718576	-29.3408076
	-65.7212958	-29.3325288
	-65.7205992	-29.3241612
	-65.7426352	-29.2833493
	-65.8176558	-29.2834772
	-65.817244	-29.1899871
	-65.8068619	-29.1897063
	-65.9284706	-29.0813703
	-65.9457371	-29.0794147
	-66.1004621	-28.9441569
	-66.2935537	-28.8975702
	-66.3020807	-28.8874359
	-66.312491	-28.8875331
	-66.3265822	-28.8766575
	-66.3596572	-28.8700064
	-66.365432	-28.8671883
	-66.3693729	-28.8668344
	-66.390263	-28.8678885
	-66.3928773	-28.8677955
	-66.3957653	-28.8655718
	-66.4030907	-28.8565909
	-66.4038106	-28.8523624
	-66.40359	-28.8500024
	-66.3993145	-28.8472855
	-66.3992145	-28.8458077
	-66.4004046	-28.8412159
	-66.3999083	-28.8391039
	-66.400199	-28.8368681
	-66.4037308	-28.8319794
	-66.4036178	-28.8306437
	-66.4016989	-28.8289272
	-66.4024278	-28.8274354
	-66.4040414	-28.8263891
	-66.4045259	-28.8245567
	-66.4038853	-28.8237611
	-66.410047	-28.8232003
	-66.4112816	-28.8144967
	-66.3889895	-28.8014082
	-66.366928	-28.7484061
	-66.3526385	-28.7370089
	-66.35149	-28.7324496
	-66.350427	-28.7282286
	-66.3539186	-28.7262342
	-66.3542704	-28.725837
	-66.3539726	-28.7252905
	-66.3540634	-28.7241326
	-66.3543666	-28.7239074
	-66.3539675	-28.7227089
	-66.3542445	-28.722365
	-66.3549763	-28.7223937
	-66.3551529	-28.7220907
	-66.3542562	-28.721547
	-66.3541615	-28.7212046
	-66.3545085	-28.721129
	-66.3558192	-28.7211307
	-66.3563433	-28.721385
	-66.3568377	-28.7212751
	-66.3573213	-28.7197536
	-66.357346	-28.718866
	-66.358549	-28.7179622
	-66.3612771	-28.7183228
	-66.3610587	-28.7193368
	-66.3612679	-28.720269
	-66.3620586	-28.7205095
	-66.3647127	-28.7194565
	-66.3658322	-28.7194479
	-66.3678995	-28.7211521
	-66.368948	-28.719988
	-66.3691082	-28.7198104
	-66.3720519	-28.71902
	-66.3745514	-28.7158777
	-66.3792324	-28.7130084
	-66.3806591	-28.7084303
	-66.3837952	-28.705876
	-66.3845736	-28.7023515
	-66.3833266	-28.6998423
	-66.3850172	-28.6946512
	-66.3879556	-28.6926204
	-66.3889584	-28.6900357
	-66.3923679	-28.6870947
	-66.3936068	-28.6824933
	-66.3959146	-28.6771965
	-66.3977977	-28.6753017
	-66.5023719	-28.6292889
	-66.5023522	-28.537944
	-66.5315239	-28.5378818
	-66.502056	-28.5006448
	-66.5664824	-28.2995427
	-66.7961516	-28.2784637
	-66.942614	-28.2661372
	-66.9851808	-28.2634898
	-66.9867939	-28.2625345
	-66.9886534	-28.2634239
	-66.9897136	-28.2634316
	-66.9964357	-28.2581088
	-67.0036331	-28.2553577
	-67.0138181	-28.2548792
	-67.018571	-28.2548792
	-67.0204883	-28.2561571
	-67.0206626	-28.2565538
	-67.0206607	-28.2575321
	-67.0206916	-28.2586265
	-67.0195877	-28.2597269
	-67.0193698	-28.2602515
	-67.0194358	-28.2607663
	-67.0204406	-28.2612536
	-67.0228629	-28.2611622
	-67.0242821	-28.2610365
	-67.0265623	-28.2616155
	-67.0285407	-28.2616077
	-67.0294046	-28.2614295
	-67.0294794	-28.2608556
	-67.0301106	-28.2601525
	-67.0301779	-28.2600775
	-67.0315953	-28.2604575
	-67.0327458	-28.2632982
	-67.0344097	-28.2652524
	-67.0356012	-28.2654514
	-67.0367132	-28.2646973
	-67.0378609	-28.2618869
	-67.0384706	-28.2614885
	-67.0408788	-28.2613331
	-67.0424009	-28.2616517
	-67.0433822	-28.2622423
	-67.0462151	-28.266697
	-67.0488749	-28.268887
	-67.0522967	-28.2710079
	-67.0543013	-28.2714045
	-67.0557893	-28.2721323
	-67.0564802	-28.2729141
	-67.0569305	-28.2728629
	-67.0575987	-28.2719163
	-67.0579618	-28.2714301
	-67.0590658	-28.2707137
	-67.0588624	-28.2702531
	-67.0579473	-28.2701252
	-67.0577439	-28.2694471
	-67.0583831	-28.2690761
	-67.0592789	-28.2690807
	-67.0603005	-28.2695111
	-67.06139	-28.2705602
	-67.06139	-28.2708288
	-67.0619274	-28.2717244
	-67.062552	-28.2719674
	-67.0630194	-28.2714753
	-67.0648907	-28.2699845
	-67.0662707	-28.2695623
	-67.0676942	-28.269396
	-67.0685042	-28.2696225
	-67.0708319	-28.2696262
	-67.0718923	-28.2692041
	-67.075075	-28.2704035
	-67.1558016	-28.3835458
	-67.3186738	-28.3896221
	-67.4459402	-28.3626494
	-67.4943011	-28.3523981
	-67.6852569	-28.3126198
	-67.6958561	-28.311741
	-67.6982448	-28.3126264
	-67.7072103	-28.3143518
	-67.707624	-28.3158585
	-67.7088593	-28.3173242
	-67.7088163	-28.3179861
	-67.7108357	-28.3182225
	-67.7133384	-28.318752
	-67.7149066	-28.3193099
	-67.7152396	-28.3198016
	-67.7154544	-28.320246
	-67.7160129	-28.3205486
	-67.7172804	-28.3205108
	-67.7179249	-28.3205202
	-67.7182578	-28.320889
	-67.7182901	-28.321201
	-67.7192675	-28.3214374
	-67.7203094	-28.3214563
	-67.7211687	-28.3216549
	-67.7218239	-28.3213429
	-67.7223932	-28.321305
	-67.7226188	-28.3214847
	-67.7229088	-28.3218345
	-67.7233384	-28.3215131
	-67.723854	-28.32174
	-67.7251645	-28.3216076
	-67.7267971	-28.321428
	-67.7282364	-28.3208133
	-67.7289239	-28.3208984
	-67.7297939	-28.3213239
	-67.7304277	-28.3216738
	-67.7310184	-28.3211632
	-67.7317596	-28.3208984
	-67.7321462	-28.3207944
	-67.7331452	-28.3208701
	-67.734273	-28.3208228
	-67.7345523	-28.3211727
	-67.7354331	-28.3212294
	-67.7359916	-28.3214658
	-67.7363676	-28.3213239
	-67.7368187	-28.3207282
	-67.7372483	-28.3200664
	-67.7376243	-28.3199245
	-67.7383225	-28.3200285
	-67.738881	-28.3198583
	-67.7394395	-28.3199245
	-67.7399551	-28.3203595
	-67.7408252	-28.3218913
	-67.741953	-28.3235365
	-67.7422537	-28.3236311
	-67.7430593	-28.3241417
	-67.7433493	-28.3241795
	-67.7437038	-28.3240187
	-67.7440153	-28.3239242
	-67.7443268	-28.3237067
	-67.7445631	-28.3236216
	-67.7449498	-28.3238674
	-67.745272	-28.3238296
	-67.7456372	-28.3236689
	-67.7459487	-28.3238958
	-67.7462495	-28.3245766
	-67.7469691	-28.3249453
	-67.7481292	-28.3257301
	-67.74901	-28.3259192
	-67.7492248	-28.3263542
	-67.7490959	-28.3268269
	-67.7494826	-28.3271484
	-67.7502989	-28.3273942
	-67.7509649	-28.3273658
	-67.7513193	-28.3275928
	-67.7522216	-28.3279993
	-67.7522431	-28.328491
	-67.7523827	-28.3286895
	-67.7527587	-28.3285666
	-67.7531776	-28.3282924
	-67.7536394	-28.3283586
	-67.7539939	-28.3287935
	-67.7544558	-28.3289637
	-67.7549069	-28.3292285
	-67.7555729	-28.3290015
	-67.756024	-28.3290299
	-67.756937	-28.3292757
	-67.7576674	-28.3291528
	-67.7586986	-28.3295121
	-67.7598479	-28.3295783
	-67.7601701	-28.3297957
	-67.7606857	-28.329947
	-67.760879	-28.3305427
	-67.7607931	-28.3308358
	-67.760632	-28.331318
	-67.7611798	-28.3316867
	-67.7620283	-28.3315638
	-67.7623828	-28.3318852
	-67.7625869	-28.3321689
	-67.7625332	-28.332547
	-67.7624258	-28.3330576
	-67.7626406	-28.3335019
	-67.7628769	-28.3337667
	-67.7627265	-28.334107
	-67.7625439	-28.3345987
	-67.7620928	-28.3352605
	-67.7622324	-28.3355252
	-67.7618243	-28.3360357
	-67.7615665	-28.3362437
	-67.7610079	-28.3366786
	-67.7611476	-28.337
	-67.7611368	-28.3373593
	-67.760675	-28.3374916
	-67.759096	-28.3377658
	-67.7578602	-28.3385789
	-67.7576024	-28.339009
	-67.757683	-28.3394061
	-67.7577904	-28.3395337
	-67.7582093	-28.3394628
	-67.7584993	-28.3396046
	-67.7585423	-28.33977
	-67.7583382	-28.3400915
	-67.7583881	-28.3406164
	-67.7583084	-28.3410275
	-67.7584679	-28.3412782
	-67.7587223	-28.3411779
	-67.7592084	-28.3411813
	-67.7595996	-28.3414353
	-67.7597401	-28.3415356
	-67.7598426	-28.3419099
	-67.7598578	-28.3424781
	-67.7597249	-28.3426519
	-67.7597894	-28.3429026
	-67.7598236	-28.3432335
	-67.7598274	-28.3439755
	-67.7596869	-28.344176
	-67.7594325	-28.3443131
	-67.7594211	-28.3445504
	-67.7595274	-28.3447777
	-67.7597591	-28.344908
	-67.7596793	-28.3451654
	-67.7594021	-28.3452322
	-67.7591362	-28.3451888
	-67.7589995	-28.3452589
	-67.7590223	-28.3455196
	-67.7590717	-28.3457335
	-67.7593302	-28.3459184
	-67.7596631	-28.3460176
	-67.7597706	-28.3461783
	-67.7595557	-28.3463059
	-67.7595718	-28.3466084
	-67.7596094	-28.346892
	-67.7594698	-28.3473742
	-67.7590831	-28.3479744
	-67.7588361	-28.3481257
	-67.7585729	-28.3482438
	-67.7580305	-28.3488016
	-67.7577136	-28.3489528
	-67.7575418	-28.3490663
	-67.7574988	-28.3493451
	-67.7576223	-28.3495153
	-67.7576545	-28.3496996
	-67.7576868	-28.3499029
	-67.7577244	-28.3501675
	-67.756908	-28.3506496
	-67.756371	-28.3510088
	-67.7556835	-28.3518312
	-67.7555546	-28.3522377
	-67.755728	-28.352621
	-67.8022868	-28.3477005
	-67.8061084	-28.348498
	-67.8080532	-28.3547489
	-67.8083069	-28.3591393
	-67.8121121	-28.365092
	-67.8155513	-28.3759369
	-67.8227562	-28.3713165
	-67.8340975	-28.3762525
	-67.8463587	-28.3755085
	-67.8467815	-28.3714164
	-67.8515168	-28.3706724
	-67.8479502	-28.3694709
	-67.847793	-28.3324943
	-67.8407757	-28.3137864
	-67.8605631	-28.2942692
	-67.8644328	-28.2918368
	-67.8663828	-28.2893357
	-67.8720635	-28.285304
	-67.873487	-28.2823843
	-67.8720634	-28.2733265
	-67.8963577	-28.2419965
	-67.9035745	-28.2342807
	-67.9026486	-28.2058792
	-67.9162644	-28.1980758
	-67.9153525	-28.1820711
	-67.928972	-28.1734353
	-67.9265065	-28.1360821
	-67.9347455	-28.1298417
	-67.9269538	-28.1118716
	-67.9487964	-28.1046427
	-67.9922599	-28.1174187
	-67.9987941	-28.1220715
	-68.0012223	-28.1277919
	-68.0041911	-28.1284687
	-68.0100686	-28.1259327
	-68.0154488	-28.1265007
	-68.0250184	-28.1281023
	-68.0257811	-28.1304907
	-68.0248089	-28.1321814
	-68.0234063	-28.1386605
	-68.0281872	-28.1428079
	-68.0331427	-28.1438002
	-68.0363366	-28.1458489
	-68.0405027	-28.145919
	-68.0451485	-28.1441749
	-68.0489018	-28.1438147
	-68.0517575	-28.141555
	-68.0551414	-28.1406487
	-68.0570987	-28.1413623
	-68.0575289	-28.1446988
	-68.0608617	-28.1462713
	-68.0627101	-28.1458403
	-68.0651499	-28.1477057
	-68.065331	-28.1518326
	-68.0738081	-28.1587123
	-68.074767	-28.1626368
	-68.0790897	-28.1663115
	-68.0891943	-28.167125
	-68.0918717	-28.1721852
	-68.100334	-28.1712764
	-68.1089938	-28.1725044
	-68.1121102	-28.1704885
	-68.1142138	-28.1617338
	-68.1166045	-28.1607566
	-68.120593	-28.1616424
	-68.1214717	-28.1601205
	-68.1228713	-28.1557429
	-68.1263143	-28.1535728
	-68.1276581	-28.1507291
	-68.1260692	-28.1449671
	-68.1274519	-28.1426674
	-68.1269957	-28.1372518
	-68.1310093	-28.1321814
	-68.1301269	-28.1256266
	-68.1342373	-28.1234434
	-68.1348332	-28.1213233
	-68.13966	-28.1201344
	-68.1421584	-28.1156691
	-68.1424088	-28.1104715
	-68.1435681	-28.1052495
	-68.1547886	-28.1097579
	-68.1599952	-28.1087209
	-68.1619557	-28.111119
	-68.1674182	-28.1124862
	-68.1676241	-28.1078804
	-68.1694418	-28.1040458
	-68.1726236	-28.1015477
	-68.1742118	-28.0939826
	-68.1789754	-28.093583
	-68.1845151	-28.0894225
	-68.2026451	-28.092606
	-68.21444	-28.0884118
	-68.2234621	-28.0894521
	-68.2460065	-28.0808658
	-68.2493253	-28.074547
	-68.2531169	-28.0736936
	-68.2580012	-28.0764938
	-68.2596717	-28.0911365
	-68.2715116	-28.0960727
	-68.3004533	-28.069977
	-68.2806877	-28.0349827
	-68.2927698	-28.0277613
	-68.3453212	-28.0420832
	-68.3642753	-28.0218755
	-68.400742	-28.0082663
	-68.4139118	-28.0112028
	-68.4425971	-28.0295352
	-68.4658077	-28.008603
	-68.454573	-27.9749763
	-68.4528973	-27.9552597
	-68.4491432	-27.9429921
	-68.4532406	-27.9394889
	-68.4523411	-27.9217322
	-68.4433258	-27.8876533
	-68.4434398	-27.8747139
	-68.4592694	-27.8623021
	-68.4602396	-27.8770476
	-68.4739559	-27.8798042
	-68.4851039	-27.87393
	-68.5000704	-27.8814992
	-68.5316032	-27.8584208
	-68.5237486	-27.8266796
	-68.5296517	-27.8070221
	-68.5410602	-27.7961547
	-68.5681593	-27.8166424
	-68.5881079	-27.8225109
	-68.6030523	-27.8137438
	-68.616379	-27.8002464
	-68.6290116	-27.798509
	-68.6394123	-27.8042194
	-68.6676635	-27.807341
	-68.6786474	-27.813656
	-68.7010761	-27.8162386
	-68.7204129	-27.82019
	-68.7310317	-27.8055686
	-68.7552396	-27.7981739
	-68.7583666	-27.7814573
	-68.7856303	-27.773217
	-68.8062061	-27.757632
	-69.0960039	-27.7924048
	-69.0958197	-27.7952581
	-69.0982478	-27.8045103
	-69.0993807	-27.8084126
	-69.0998184	-27.8127626
	-69.1007197	-27.8178868
	-69.103655	-27.822115
	-69.1035006	-27.8258724
	-69.1060497	-27.8281723
	-69.1074144	-27.8308062
	-69.1083071	-27.8357397
	-69.1121522	-27.8378801
	-69.1128047	-27.8413334
	-69.1095088	-27.8466763
	-69.1132853	-27.8547205
	-69.1179544	-27.8595922
	-69.1223833	-27.8632194
	-69.127619	-27.8659206
	-69.129078	-27.8668539
	-69.1311724	-27.8685005
	-69.131816	-27.8725825
	-69.1292155	-27.8779315
	-69.1283915	-27.8846078
	-69.1314642	-27.8911472
	-69.1328375	-27.8965786
	-69.1329234	-27.9032538
	-69.134125	-27.9091701
	-69.1389058	-27.9139712
	-69.1436093	-27.9184231
	-69.1462529	-27.9243765
	-69.1479008	-27.9263862
	-69.1531365	-27.9298973
	-69.1556427	-27.932506
	-69.1552308	-27.936252
	-69.1547158	-27.9403921
	-69.1553595	-27.9455558
	-69.1558573	-27.9484749
	-69.161608	-27.9515607
	-69.1640027	-27.9531225
	-69.1663544	-27.956375
	-69.1677791	-27.9597108
	-69.1711094	-27.9630769
	-69.1727144	-27.9660637
	-69.1725427	-27.9708774
	-69.1773578	-27.9721509
	-69.1820098	-27.9718932
	-69.1843273	-27.9693007
	-69.1877777	-27.9675571
	-69.1897776	-27.9671933
	-69.1950905	-27.9680878
	-69.2000086	-27.9675571
	-69.2034504	-27.9661926
	-69.2065403	-27.9643201
	-69.2102739	-27.9645476
	-69.2146598	-27.967307
	-69.2180158	-27.9694295
	-69.2214062	-27.9708623
	-69.2257235	-27.9703998
	-69.232075	-27.9681787
	-69.2363064	-27.9675571
	-69.2388469	-27.9706576
	-69.237302	-27.9744326
	-69.2362806	-27.9779346
	-69.2398684	-27.9805345
	-69.2456962	-27.9820049
	-69.2483742	-27.9843319
	-69.2499793	-27.988455
	-69.2525149	-27.9911061
	-69.2516272	-27.9944045
	-69.2515279	-27.9995033
	-69.2523353	-28.0035158
	-69.2536736	-28.0065359
	-69.2558194	-28.0088547
	-69.259038	-28.0102263
	-69.2631922	-28.0092715
	-69.2673035	-28.0102869
	-69.2651755	-28.0163164
	-69.2668621	-28.0220863
	-69.2661239	-28.0280795
	-69.2650891	-28.0334418
	-69.2604934	-28.0403374
	-69.2639739	-28.0466931
	-69.2719647	-28.051151
	-69.2827836	-28.0555178
	-69.288633	-28.0598427
	-69.2943107	-28.0646522
	-69.2991601	-28.0696963
	-69.2991345	-28.0698475
	-69.2981817	-28.0754747
	-69.2963063	-28.0803176
	-69.2981512	-28.0836442
	-69.3007351	-28.0898361
	-69.3019448	-28.0975691
	-69.3032666	-28.103028
	-69.3024599	-28.1104324
	-69.305378	-28.1157316
	-69.3062278	-28.1210535
	-69.3082964	-28.1230065
	-69.308756	-28.1286624
	-69.3129569	-28.1326346
	-69.3171712	-28.1374561
	-69.3226129	-28.1424438
	-69.3241234	-28.1476657
	-69.3271019	-28.1507081
	-69.3276168	-28.155506
	-69.3323975	-28.1579274
	-69.3356849	-28.1640266
	-69.3404705	-28.167365
	-69.3467999	-28.1681957
	-69.3521558	-28.1737041
	-69.3569966	-28.1768136
	-69.3600865	-28.1785765
	-69.3638593	-28.1803636
	-69.3723774	-28.1823518
	-69.3795186	-28.1813455
	-69.3838188	-28.1843718
	-69.3848315	-28.1890773
	-69.3820506	-28.1931926
	-69.3825055	-28.1970355
	-69.3822995	-28.2039416
	-69.3841277	-28.2131391
	-69.3885136	-28.2196509
	-69.3907784	-28.2238724
	-69.3914588	-28.2267967
	-69.3911337	-28.2245916
	-69.3961599	-28.2201694
	-69.4001056	-28.2114162
	-69.4067091	-28.2097109
	-69.4092797	-28.2067989
	-69.4117688	-28.2031606
	-69.4141592	-28.2037431
	-69.4163884	-28.2063049
	-69.422971	-28.2052216
	-69.4277265	-28.2035668
	-69.4289331	-28.2025369
	-69.4297402	-28.200403
	-69.4313775	-28.1993463
	-69.4341446	-28.196623
	-69.4374105	-28.19562
	-69.4406936	-28.1930663
	-69.4453047	-28.1899447
	-69.4460897	-28.1882697
	-69.4475424	-28.1866234
	-69.451232	-28.1853429
	-69.4513704	-28.1848144
	-69.4524311	-28.1842656
	-69.4537916	-28.1841437
	-69.4554935	-28.183348
	-69.4567894	-28.1835745
	-69.4578041	-28.1846518
	-69.4579985	-28.1855838
	-69.4592759	-28.1869661
	-69.459167	-28.1889635
	-69.4607761	-28.1906453
	-69.4620805	-28.191407
	-69.4625922	-28.1926221
	-69.4640138	-28.1976481
	-69.4707186	-28.1999569
	-69.4721348	-28.2078235
	-69.4743063	-28.2085345
	-69.4775851	-28.2137533
	-69.4804947	-28.2236684
	-69.4758341	-28.2276614
	-69.4767353	-28.2354125
	-69.4763443	-28.2386171
	-69.4800484	-28.2423313
	-69.4848893	-28.2478962
	-69.4870608	-28.253665
	-69.4911807	-28.2567875
	-69.497678	-28.2593126
	-69.5022614	-28.2628053
	-69.5043471	-28.2675679
	-69.5042784	-28.2727006
	-69.5022013	-28.279035
	-69.5027592	-28.2827992
	-69.5028909	-28.2857061
	-69.5051024	-28.2886719
	-69.5091021	-28.2932293
	-69.5111792	-28.2988294
	-69.5127671	-28.3062504
	-69.5150832	-28.3091113
	-69.5182774	-28.3109203
	-69.5217707	-28.3159074
	-69.5241053	-28.3212041
	-69.5238478	-28.3251783
	-69.5228264	-28.3276867
	-69.528002	-28.3328468
	-69.5323451	-28.3346373
	-69.5361216	-28.3325522
	-69.5423021	-28.3371052
	-69.5464695	-28.3367172
	-69.5486957	-28.3376591
	-69.5504295	-28.3443447
	-69.5525593	-28.3491492
	-69.5580599	-28.3485295
	-69.5586693	-28.3452663
	-69.5615704	-28.3437252
	-69.5650146	-28.3451309
	-69.5700676	-28.350992
	-69.5718958	-28.3581903
	-69.5736381	-28.3622765
	-69.5755179	-28.3633716
	-69.5794488	-28.3593913
	-69.5824788	-28.3567175
	-69.5883666	-28.3603354
	-69.5898087	-28.3616798
	-69.5905898	-28.3656525
	-69.5887187	-28.3690737
	-69.5885298	-28.3731444
	-69.5850108	-28.377532
	-69.5899117	-28.3796691
	-69.5945962	-28.3802189
	-69.5985254	-28.3806498
	-69.604495	-28.3810396
	-69.6081794	-28.3805882
	-69.6109893	-28.380301
	-69.6150934	-28.3789162
	-69.617293	-28.3771213
	-69.620888	-28.3741865
	-69.6244328	-28.3776075
	-69.6246953	-28.3777016
	-69.625467	-28.3779778
	-69.6300032	-28.3796011
	-69.6336111	-28.383611
	-69.6367475	-28.3850393
	-69.6310344	-28.3921373
	-69.6330048	-28.3907526
	-69.6336577	-28.3906808
	-69.6373304	-28.3882396
	-69.63796	-28.3888345
	-69.6385547	-28.3893884
	-69.6422255	-28.3932308