	-65.1883614	-28.6189258
	-65.1881151	-28.6191821
	-65.1874929	-28.6196107
	-65.186725	-28.6200863
	-65.1864589	-28.6208335
	-65.1866177	-28.6215244
	-65.1873337	-28.6224456
	-65.187454	-28.6235951
	-65.1868972	-28.6239953
	-65.1861449	-28.6242516
	-65.1849721	-28.6241911
	-65.1842181	-28.6244188
	-65.1834018	-28.6244455
	-65.1820605	-28.6243558
	-65.1800978	-28.6240056
	-65.1787904	-28.623715
	-65.1781706	-28.6231102
	-65.1773548	-28.6225049
	-65.1771597	-28.621814
	-65.1771627	-28.6207789
	-65.1778524	-28.619888
	-65.1783113	-28.6193096
	-65.1785433	-28.6187943
	-65.1783838	-28.6181692
	-65.1776991	-28.6176812
	-65.1769136	-28.6177362
	-65.1759304	-28.6177307
	-65.1748115	-28.6177201
	-65.1736646	-28.617717
	-65.1728195	-28.6180889
	-65.1715713	-28.6189482
	-65.1711443	-28.6191774
	-65.170913	-28.6201241
	-65.1709081	-28.6210752
	-65.1712348	-28.6219665
	-65.1713305	-28.6228876
	-65.1712626	-28.6237509
	-65.1707018	-28.6246707
	-65.1700111	-28.625418
	-65.1693836	-28.6265108
	-65.1691483	-28.6274561
	-65.1697977	-28.6286335
	-65.1708798	-28.628523
	-65.1718679	-28.6285894
	-65.1727224	-28.6284487
	-65.1739339	-28.628768
	-65.174293	-28.6294027
	-65.1746753	-28.6302026
	-65.1746653	-28.6311738
	-65.1744028	-28.6316917
	-65.1737501	-28.6325199
	-65.1722062	-28.6336945
	-65.171844	-28.6340102
	-65.1707955	-28.634323
	-65.1700426	-28.6341767
	-65.1691582	-28.6340871
	-65.1685045	-28.633623
	-65.1680796	-28.6331885
	-65.1672935	-28.6326393
	-65.166671	-28.6323498
	-65.1657535	-28.6320021
	-65.1648679	-28.6320583
	-65.164341	-28.6326041
	-65.1639109	-28.633091
	-65.1631836	-28.6339524
	-65.1629484	-28.6349602
	-65.1623508	-28.6357945
	-65.162283	-28.6364867
	-65.1623133	-28.6374386
	-65.1622462	-28.6381878
	-65.1621106	-28.6389092
	-65.1618144	-28.6396856
	-65.1610878	-28.6400023
	-65.1599001	-28.6401165
	-65.1588137	-28.6401139
	-65.1575587	-28.6400259
	-65.1568012	-28.6400229
	-65.1559808	-28.640076
	-65.1553825	-28.640598
	-65.1542237	-28.6416661
	-65.1542557	-28.6420117
	-65.1545509	-28.6424157
	-65.155076	-28.6430223
	-65.1553056	-28.6437731
	-65.1552701	-28.6442061
	-65.1546454	-28.6442043
	-65.1535924	-28.6442013
	-65.1532653	-28.6438538
	-65.152773	-28.6434484
	-65.1523133	-28.64313
	-65.151033	-28.6427518
	-65.1502775	-28.6428077
	-65.1498149	-28.6431804
	-65.149185	-28.6436683
	-65.1486235	-28.6438399
	-65.1478662	-28.6438955
	-65.147141	-28.644009
	-65.146153	-28.6440927
	-65.1453624	-28.6442349
	-65.1443757	-28.6442319
	-65.1437687	-28.6442093
	-65.1431816	-28.6446162
	-65.1431503	-28.6449062
	-65.1429239	-28.6453395
	-65.1427876	-28.6457858
	-65.1426215	-28.6461402
	-65.1422003	-28.6464157
	-65.1417499	-28.6464805
	-65.1412714	-28.6464775
	-65.140883	-28.6464359
	-65.1404043	-28.6461585
	-65.1399216	-28.6460669
	-65.1394519	-28.6460677
	-65.1390102	-28.646148
	-65.1386182	-28.6461447
	-65.1380016	-28.6462612
	-65.1375657	-28.6462597
	-65.1372039	-28.6465093
	-65.1369174	-28.6467063
	-65.1367062	-28.6469034
	-65.1364494	-28.6472708
	-65.1363039	-28.6474456
	-65.1361629	-28.647787
	-65.136471	-28.6484324
	-65.1374554	-28.6502187
	-65.1384125	-28.6518117
	-65.1388806	-28.6529952
	-65.1392091	-28.6543141
	-65.1393216	-28.6557962
	-65.1391839	-28.6572334
	-65.138584	-28.6596995
	-65.1356304	-28.6744373
	-65.1324802	-28.6889303
	-65.1286999	-28.7069469
	-65.1267705	-28.7163647
	-65.121394	-28.7173152
	-65.0168463	-28.7387252
	-65.0027025	-28.7588244
	-65.0011303	-28.7664044
	-64.9851467	-28.7785773
	-64.978596	-28.788682
	-64.9358855	-28.8063629
	-64.9244962	-28.817785
	-64.9012979	-28.8385022
	-64.8989397	-28.8525027
	-64.912041	-28.8873809
	-64.9031321	-28.9126145
	-64.9068005	-28.9316502
	-64.874948	-28.9942192
	-64.86347	-29.0160493
	-64.8672982	-29.0227642
	-64.86655	-29.0315161
	-64.8599446	-29.0349588
	-64.8593106	-29.0412772
	-64.8620999	-29.0443808
	-64.8641118	-29.0604824
	-64.8535208	-29.0705446
	-64.8562458	-29.1041142
	-64.8552534	-29.118619
	-64.8533516	-29.1214988
	-64.8541123	-29.1343462
	-64.8580428	-29.1468597
	-64.8529713	-29.1562716
	-64.855507	-29.1771961
	-64.8544849	-29.1981616
	-64.8461668	-29.2122474
	-64.8413593	-29.224445
	-64.8367967	-29.2286029
	-64.8264722	-29.2347355
	-64.8177094	-29.2448043
	-64.8093473	-29.2503631
	-64.7853048	-29.2623934
	-64.784446	-29.2642666
	-64.7811945	-29.2654976
	-64.7807163	-29.2677942
	-64.7838325	-29.2702071
	-64.7908262	-29.2727223
	-64.7976973	-29.2721871
	-64.8062248	-29.273418
	-64.8246907	-29.2740066
	-64.8305189	-29.2786087
	-64.833818	-29.2866234
	-64.8418684	-29.3117805
	-64.8424591	-29.3342365
	-64.8359501	-29.3469423
	-64.8268687	-29.3565668
	-64.8157994	-29.3672861
	-64.814207	-29.3783492
	-64.8085787	-29.3845532
	-64.7999307	-29.3891622
	-64.7932977	-29.3964775
	-64.7876102	-29.3997135
	-64.7860668	-29.4054419
	-64.7921625	-29.4174277
	-64.7962564	-29.4346485
	-64.8008436	-29.4415467
	-64.8167581	-29.4527558
	-64.8178876	-29.4539575
	-64.8206715	-29.457257
	-64.8221791	-29.4617578
	-64.8231125	-29.4632151
	-64.8237884	-29.4676334
	-64.8259691	-29.4737382
	-64.8266637	-29.4776183
	-64.8281004	-29.483626
	-64.8268647	-29.4874437
	-64.8271319	-29.497037
	-64.8278868	-29.5024596
	-64.8300534	-29.5070405
	-64.8311394	-29.5123775
	-64.8309397	-29.5190586
	-64.8297536	-29.5226083
	-64.8295069	-29.5276402
	-64.830215	-29.5337547
	-64.8302125	-29.5382089
	-64.8297215	-29.5422676
	-64.8292243	-29.5507463
	-64.8285413	-29.5547838
	-64.8273826	-29.5582929
	-64.8242694	-29.5652546
	-64.8243141	-29.567149
	-64.8247433	-29.5683528
	-64.8247163	-29.5716824
	-64.8246472	-29.5742646
	-64.5356921	-29.5334277
	-64.489375	-29.5271851
	-64.2746077	-29.4987563
	-64.0820236	-29.5300124
	-63.9814105	-29.5508479
	-63.9801426	-29.5543001
	-63.9802313	-29.5635662
	-63.9805167	-29.56658
	-63.9792579	-29.5708008
	-63.9792872	-29.5738166
	-63.978004	-29.5770297
	-63.9768925	-29.5791442
	-63.9761751	-29.5819943
	-63.976288	-29.5852971
	-63.976326	-29.5893176
	-63.9745977	-29.5953315
	-63.9722854	-29.6025469
	-63.9699343	-29.6029421
	-63.9692872	-29.6049842
	-63.9695124	-29.6115783
	-63.9670263	-29.6133484
	-63.9656399	-29.6169035
	-63.9631816	-29.6198745
	-63.9623072	-29.6227028
	-63.9623148	-29.6235807
	-63.9355341	-29.6237721
	-63.9308198	-29.6245649
	-63.9268134	-29.6257247
	-63.9071205	-29.6271424
	-63.8738507	-29.6307334
	-63.8737053	-29.6303887
	-63.8732213	-29.6295092
	-63.8713008	-29.6255837
	-63.8710673	-29.6250153
	-63.8708143	-29.6243057
	-63.8697205	-29.6201487
	-63.8697783	-29.6199294
	-63.8689003	-29.616782
	-63.8688153	-29.6165727
	-63.8686738	-29.6163389
	-63.8650709	-29.6112436
	-63.8613842	-29.6063549
	-63.8476527	-29.5870625
	-63.8440568	-29.5828389
	-63.8425343	-29.5812469
	-63.8410411	-29.5793889
	-63.8114835	-29.5789785
	-63.7836428	-29.5838943
	-63.7844582	-29.5864706
	-63.7843333	-29.589817
	-63.7840159	-29.5944604
	-63.7838999	-29.595493
	-63.7837646	-29.5973739
	-63.7916667	-29.6040559
	-63.794487	-29.6040535
	-63.7945298	-29.6068039
	-63.7955283	-29.6085747
	-63.7960765	-29.6099729
	-63.796416	-29.611047
	-63.7964354	-29.6133982
	-63.7959375	-29.6148689
	-63.7936989	-29.6153027
	-63.7917829	-29.6157281
	-63.790243	-29.615799
	-63.787301	-29.616038
	-63.7843376	-29.6164494
	-63.7807589	-29.6144647
	-63.7797202	-29.6153031
	-63.763457	-29.6170994
	-63.753866	-29.6218522
	-63.7448437	-29.62873
	-63.7349348	-29.6391917
	-63.7282639	-29.6480475
	-63.727146	-29.6497687
	-63.7260142	-29.651962
	-63.7250241	-29.6540163
	-63.7252007	-29.6567832
	-63.7237179	-29.6591384
	-63.7116805	-29.6605724
	-63.7114987	-29.6612056
	-63.7113443	-29.6615948
	-63.7099081	-29.6621584
	-63.7074064	-29.6622792
	-63.7058158	-29.6625207
	-63.7049201	-29.6624804
	-63.7034685	-29.6625207
	-63.7024956	-29.662306
	-63.7012756	-29.6614338
	-63.6998549	-29.6615277
	-63.6986195	-29.6613398
	-63.6974304	-29.6613667
	-63.6966273	-29.6614874
	-63.6954074	-29.6620645
	-63.6936623	-29.6622255
	-63.6922107	-29.6617961
	-63.6911761	-29.6614472
	-63.6900178	-29.6609238
	-63.6896163	-29.661313
	-63.6888287	-29.6621584
	-63.6879794	-29.6622389
	-63.6863733	-29.6627622
	-63.6851379	-29.6638358
	-63.6845048	-29.6642517
	-63.6832076	-29.6641712
	-63.681617	-29.6634869
	-63.6807985	-29.6632319
	-63.6785902	-29.6636882
	-63.6776019	-29.6648019
	-63.6765672	-29.6654058
	-63.6757951	-29.6648019
	-63.6745133	-29.6648153
	-63.6723976	-29.6641444
	-63.6713784	-29.6634466
	-63.6707298	-29.6626012
	-63.6706217	-29.6619571
	-63.6706835	-29.6613264
	-63.6700967	-29.6605078
	-63.6690002	-29.6604139
	-63.6669772	-29.6606554
	-63.666097	-29.6604005
	-63.6654329	-29.6602931
	-63.6644292	-29.6604005
	-63.6635026	-29.6604139
	-63.6630393	-29.6608165
	-63.6622826	-29.6610983
	-63.6609391	-29.6609641
	-63.6603986	-29.6610714
	-63.6597456	-29.6616891
	-63.6595272	-29.6622964
	-63.658741	-29.6625241
	-63.6583478	-29.6624767
	-63.6579001	-29.6621635
	-63.6572777	-29.6615942
	-63.6565243	-29.6616322
	-63.6564478	-29.6619548
	-63.6551702	-29.6626664
	-63.6542639	-29.6627139
	-63.6538162	-29.6622869
	-63.6533139	-29.6618599
	-63.6524512	-29.6622584
	-63.6515886	-29.6625051
	-63.6499288	-29.6626664
	-63.6492517	-29.6621635
	-63.6487385	-29.6616606
	-63.6475155	-29.6611767
	-63.6467948	-29.6610059
	-63.646227	-29.6604366
	-63.645823	-29.6594972
	-63.6452115	-29.6591366
	-63.6443597	-29.6595066
	-63.6435189	-29.6611292
	-63.6426017	-29.6618978
	-63.6413568	-29.6627613
	-63.6403085	-29.6627328
	-63.6398608	-29.6621635
	-63.6396643	-29.6615183
	-63.6401447	-29.6611387
	-63.6416298	-29.6609395
	-63.6417718	-29.6605599
	-63.6413131	-29.6598482
	-63.6411275	-29.6594592
	-63.6402321	-29.6588045
	-63.6397189	-29.6579694
	-63.638616	-29.6572293
	-63.6382229	-29.6569825
	-63.638201	-29.6567548
	-63.6385723	-29.6563373
	-63.6385504	-29.6559102
	-63.6377315	-29.6559102
	-63.6373384	-29.6559387
	-63.636847	-29.6561475
	-63.6360389	-29.6566884
	-63.6350561	-29.6568592
	-63.6343041	-29.6566287
	-63.6340253	-29.6565817
	-63.6335601	-29.6566979
	-63.6330797	-29.6568876
	-63.6323699	-29.6574285
	-63.6322935	-29.6579409
	-63.6325228	-29.6590227
	-63.6323044	-29.6598008
	-63.6315182	-29.6603891
	-63.6313107	-29.6602088
	-63.6312998	-29.6598767
	-63.6308957	-29.659611
	-63.6302187	-29.6592504
	-63.6294216	-29.658738
	-63.6289302	-29.6580643
	-63.62869	-29.6573621
	-63.6282368	-29.655914
	-63.6281969	-29.6557374
	-63.6281409	-29.6555259
	-63.6280785	-29.6552877
	-63.6278983	-29.6550457
	-63.627693	-29.6550151
	-63.6274699	-29.6551662
	-63.6273627	-29.6552531
	-63.6270261	-29.6554844
	-63.6265628	-29.6556991
	-63.6255436	-29.6559138
	-63.6241847	-29.6557662
	-63.6236751	-29.655793
	-63.6225323	-29.6563298
	-63.6213741	-29.6565043
	-63.619243	-29.6567727
	-63.6183627	-29.6566787
	-63.6166177	-29.6563567
	-63.6150271	-29.6561688
	-63.6141314	-29.6561822
	-63.6127107	-29.6565177
	-63.6110892	-29.6569337
	-63.6105873	-29.6574772
	-63.6098229	-29.6579134
	-63.6094909	-29.6583495
	-63.6093056	-29.6590406
	-63.6094214	-29.6596177
	-63.6095449	-29.6600672
	-63.6094677	-29.6605436
	-63.6091434	-29.6608321
	-63.6090619	-29.6609103
	-63.6088932	-29.6609151
	-63.6085952	-29.660812
	-63.6082185	-29.6607048
	-63.608026	-29.6606857
	-63.6077227	-29.6606644
	-63.6073362	-29.6607434
	-63.6069775	-29.6610161
	-63.6063797	-29.6616655
	-63.6059015	-29.6618732
	-63.6055279	-29.6617304
	-63.6052141	-29.6614966
	-63.6046761	-29.6614187
	-63.6038392	-29.6607954
	-63.6031517	-29.6607694
	-63.6020906	-29.6605486
	-63.6014032	-29.6594578
	-63.6002076	-29.6593279
	-63.5995799	-29.65925
	-63.598758	-29.6590552
	-63.5983844	-29.6592759
	-63.5980257	-29.659198
	-63.5978464	-29.659263
	-63.5975624	-29.6591071
	-63.5969796	-29.6589253
	-63.5960231	-29.6586136
	-63.5951563	-29.6588214
	-63.5940654	-29.6589383
	-63.5931089	-29.6590162
	-63.5928399	-29.6587565
	-63.5929296	-29.6583929
	-63.5923617	-29.6580942
	-63.5918835	-29.658276
	-63.5916443	-29.6588604
	-63.5912857	-29.6590941
	-63.5909718	-29.6591721
	-63.5906431	-29.6588604
	-63.5898809	-29.6583799
	-63.5889244	-29.6580682
	-63.5880726	-29.6578344
	-63.587415	-29.6580162
	-63.5868471	-29.6579383
	-63.5860551	-29.6576396
	-63.5856964	-29.6577565
	-63.5849193	-29.6578084
	-63.5840226	-29.6580292
	-63.582289	-29.6580812
	-63.5813923	-29.6584188
	-63.5811831	-29.6588993
	-63.5797335	-29.6595097
	-63.5791357	-29.6597305
	-63.5781195	-29.6606525
	-63.5767894	-29.6613018
	-63.5749363	-29.661133
	-63.5738603	-29.6613927
	-63.5722612	-29.662146
	-63.5708863	-29.6631589
	-63.5698551	-29.664016
	-63.5689584	-29.6642497
	-63.5670455	-29.6639251
	-63.5646123	-29.6629152
	-63.5637774	-29.6626398
	-63.5628158	-29.662603
	-63.5621923	-29.66275
	-63.5617485	-29.663255
	-63.5612624	-29.6636682
	-63.5599415	-29.6638702
	-63.5579865	-29.6634203
	-63.556972	-29.6633652
	-63.5561583	-29.6634662
	-63.5552601	-29.6640171
	-63.5544358	-29.6640814
	-63.5528401	-29.6633652
	-63.5520476	-29.662952
	-63.5510437	-29.6631448
	-63.5505998	-29.6630071
	-63.5501772	-29.6625296
	-63.5493952	-29.6622725
	-63.5468695	-29.661896
	-63.5460876	-29.6618501
	-63.5439757	-29.6606417
	-63.5427203	-29.660317
	-63.5406548	-29.6600812
	-63.5376925	-29.6611513
	-63.5374559	-29.6612239
	-63.5334214	-29.6609274
	-63.532719	-29.6606027
	-63.5324201	-29.6600053
	-63.5319568	-29.6585638
	-63.5314039	-29.6579664
	-63.5297301	-29.6576158
	-63.5288334	-29.6576547
	-63.5267561	-29.6584599
	-63.525695	-29.6590054
	-63.5251271	-29.6595248
	-63.5250524	-29.6601222
	-63.525172	-29.660304
	-63.52571	-29.6607845
	-63.5257548	-29.661278
	-63.5255904	-29.661317
	-63.5238419	-29.661291
	-63.5218692	-29.6607066
	-63.5210323	-29.6605638
	-63.5203748	-29.6609144
	-63.5200161	-29.6614988
	-63.5195229	-29.6622909
	-63.5176399	-29.663135
	-63.5164294	-29.6633168
	-63.5158166	-29.6632259
	-63.5145165	-29.6635116
	-63.5133059	-29.6638103
	-63.5127829	-29.6635896
	-63.5109447	-29.6635116
	-63.5102572	-29.663213
	-63.5099135	-29.6623169
	-63.5095399	-29.6620052
	-63.5087329	-29.6621351
	-63.5076868	-29.6627325
	-63.5072833	-29.6626805
	-63.5071338	-29.6621741
	-63.5065061	-29.6618104
	-63.5059831	-29.6620702
	-63.5057141	-29.6624598
	-63.5052807	-29.6628623
	-63.5046978	-29.6628493
	-63.5040104	-29.6627065
	-63.5035919	-29.6628493
	-63.5032482	-29.6631091
	-63.5013054	-29.6633948
	-63.4998707	-29.6640051
	-63.4985775	-29.6643073
	-63.4978012	-29.6643169
	-63.4782119	-29.6644156
	-63.477592	-29.6644188
	-63.465366	-29.6644718
	-63.4677291	-29.6739236
	-63.4786496	-29.7181866
	-63.4803136	-29.7255648
	-63.4596994	-29.7255665
	-63.4596576	-29.7568954
	-63.3544961	-29.765531
	-63.3414642	-29.7666012
	-63.2527389	-29.7754541
	-62.8065396	-29.8159703
	-62.8047028	-29.819371
	-62.8047708	-29.8213163
	-62.8065373	-29.8227899
	-62.8086436	-29.8243814
	-62.8078962	-29.8266213
	-62.806877	-29.8290379
	-62.8061296	-29.8308062
	-62.805654	-29.8327512
	-62.8052464	-29.8344015
	-62.8062655	-29.8358749
	-62.8071488	-29.8373484
	-62.8066732	-29.8403541
	-62.8059938	-29.8411203
	-62.8061976	-29.8429472
	-62.8087115	-29.8441848
	-62.8119048	-29.8461885
	-62.8131278	-29.8489583
	-62.8131278	-29.8504315
	-62.8131278	-29.8513154
	-62.8149623	-29.8535547
	-62.8155738	-29.8544386
	-62.8152341	-29.8553814
	-62.8138072	-29.8583277
	-62.8126522	-29.8601543
	-62.8131278	-29.8618631
	-62.8115651	-29.8636307
	-62.8108857	-29.8651627
	-62.8102742	-29.8672838
	-62.8097986	-29.8688746
	-62.8104101	-29.8705243
	-62.811701	-29.8715259
	-62.8136034	-29.8731755
	-62.815302	-29.8755911
	-62.81768	-29.8788313
	-62.8191068	-29.8813645
	-62.820126	-29.8838387
	-62.8191068	-29.8861951
	-62.8183594	-29.8884335
	-62.8207375	-29.8907898
	-62.821349	-29.893735
	-62.8210772	-29.8958555
	-62.8202619	-29.8996841
	-62.818835	-29.9045138
	-62.8151661	-29.9048671
	-62.8125843	-29.9043371
	-62.8099345	-29.904396
	-62.8089153	-29.9056917
	-62.8060617	-29.9065162
	-62.8038875	-29.9081653
	-62.7988597	-29.9111689
	-62.800898	-29.9157625
	-62.8000148	-29.9199436
	-62.7983841	-29.9240657
	-62.7962099	-29.9254201
	-62.7932884	-29.9270688
	-62.7900001	-29.9303541
	-62.7900001	-29.9337103
	-62.7895245	-29.9355945
	-62.7868747	-29.9397748
	-62.7857197	-29.9427774
	-62.7854479	-29.94578
	-62.7872144	-29.9481937
	-62.7878939	-29.9496655
	-62.7902039	-29.9519026
	-62.7921064	-29.953963
	-62.7928537	-29.9584957
	-62.7916308	-29.9594964
	-62.7907475	-29.9607325
	-62.7867388	-29.96397
	-62.7834776	-29.9642643
	-62.7813034	-29.9633225
	-62.7770229	-29.9646763
	-62.7717913	-29.9655593
	-62.7696851	-29.9666776
	-62.7656764	-29.966089
	-62.7588821	-29.9657359
	-62.7544658	-29.966089
	-62.7513404	-29.9673251
	-62.74937	-29.969856
	-62.7471279	-29.9715041
	-62.7416199	-29.9732109
	-62.737319	-29.9756271
	-62.7384969	-29.9798739
	-62.7364597	-29.9806176
	-62.7362351	-29.9812053
	-62.7366943	-29.981431
	-62.736657	-29.9816138
	-62.7369549	-29.9819578
	-62.7363592	-29.9828393
	-62.7353539	-29.9828178
	-62.7347581	-29.9819578
	-62.7342369	-29.9818825
	-62.733939	-29.9816568
	-62.7329957	-29.9827452
	-62.7317868	-29.983345
	-62.730295	-29.9847289
	-62.7299474	-29.9856319
	-62.729873	-29.9871154
	-62.7293269	-29.9877819
	-62.727217	-29.9890503
	-62.7262986	-29.9903188
	-62.7247348	-29.9907272
	-62.7236426	-29.9905982
	-62.7228234	-29.9904048
	-62.7225752	-29.9897168
	-62.7220291	-29.9896523
	-62.7206887	-29.9899748
	-62.7200682	-29.9903618
	-62.7197455	-29.9909852
	-62.7192242	-29.9914582
	-62.7167916	-29.9907702
	-62.715625	-29.9904263
	-62.7153271	-29.9897598
	-62.7145824	-29.9892653
	-62.7133661	-29.9890073
	-62.711852	-29.9887063
	-62.7103378	-29.9887063
	-62.7091215	-29.9890718
	-62.7072102	-29.9894373
	-62.7056712	-29.9894588
	-62.7028911	-29.9886848
	-62.7012777	-29.9890718
	-62.6995153	-29.9898888
	-62.6981253	-29.9905338
	-62.697182	-29.9915227
	-62.6967352	-29.9924686
	-62.6959409	-29.9928556
	-62.6939551	-29.9925546
	-62.6927388	-29.993565
	-62.6920438	-29.9944035
	-62.6921431	-29.9951559
	-62.6917707	-29.9954784
	-62.6906289	-29.9956288
	-62.689363	-29.9961448
	-62.6886183	-29.9959513
	-62.6876751	-29.9965102
	-62.6868311	-29.9962953
	-62.6857886	-29.9959943
	-62.6847957	-29.9955858
	-62.6842248	-29.9954784
	-62.6833063	-29.9958653
	-62.6822886	-29.9957148
	-62.6817425	-29.9958653
	-62.6813454	-29.9967037
	-62.6806503	-29.9971552
	-62.6795085	-29.9971767
	-62.6784412	-29.9977141
	-62.6769766	-29.9977571
	-62.6760086	-29.9982515
	-62.6752639	-29.9981225
	-62.674966	-29.9973916
	-62.6745192	-29.9969832
	-62.6741965	-29.9968757
	-62.6729306	-29.9977786
	-62.672037	-29.9980365
	-62.670149	-29.9981462
	-62.6698682	-29.9984198
	-62.6698507	-29.998967
	-62.6694294	-29.998967
	-62.6688678	-29.9985566
	-62.6683236	-29.9982526
	-62.6682359	-29.9975078
	-62.6680779	-29.9971885
	-62.6676216	-29.9969149
	-62.6664807	-29.9972949
	-62.6658678	-29.9977972
	-62.6654706	-29.9979907
	-62.6646763	-29.9978187
	-62.6637827	-29.9979907
	-62.6631001	-29.9977542
	-62.6627401	-29.9977005
	-62.662343	-29.9977435
	-62.6620824	-29.9982701
	-62.6623554	-29.999345
	-62.6621196	-30.0002371
	-62.6614246	-30.0010002
	-62.6609529	-30.0013764
	-62.6608288	-30.0016989
	-62.6613253	-30.0038485
	-62.6609902	-30.0046116
	-62.6599973	-30.0054822
	-62.6593147	-30.006342
	-62.6594408	-30.0071436
	-62.6590795	-30.0083477
	-62.6589057	-30.0087669
	-62.6590547	-30.0089926
	-62.6591043	-30.0093257
	-62.6586451	-30.0098738
	-62.6590174	-30.0109271
	-62.658943	-30.0115504
	-62.6589057	-30.0120663
	-62.6591415	-30.0135816
	-62.6596628	-30.0149464
	-62.66006	-30.0153441
	-62.6605812	-30.0156342
	-62.6606805	-30.0161608
	-62.6605316	-30.0168271
	-62.6607053	-30.0182026
	-62.6608915	-30.0185035
	-62.6632248	-30.0194492
	-62.6638081	-30.0202982
	-62.664317	-30.0206958
	-62.6646645	-30.0212438
	-62.6650989	-30.0216737
	-62.6657194	-30.0217381
	-62.6661662	-30.0219638
	-62.6663772	-30.0223184
	-62.6658187	-30.022845
	-62.6655581	-30.0232963
	-62.6657815	-30.0234682
	-62.6662407	-30.023565
	-62.6668861	-30.0235972
	-62.6672212	-30.0238121
	-62.6673081	-30.0241667
	-62.6672088	-30.0258001
	-62.6682761	-30.0262621
	-62.6690456	-30.0267779
	-62.670324	-30.0273152
	-62.6710686	-30.0278954
	-62.6714782	-30.028379
	-62.6715154	-30.0290559
	-62.6716768	-30.0293783
	-62.6725332	-30.0297436
	-62.6729924	-30.0302379
	-62.6734888	-30.0313876
	-62.6737246	-30.0319356
	-62.6748044	-30.03272
	-62.6752636	-30.034106
	-62.6758594	-30.034697
	-62.6759586	-30.0351913
	-62.6757104	-30.0355888
	-62.6747423	-30.0357715
	-62.6741714	-30.0358789
	-62.6735509	-30.0362012
	-62.6732158	-30.0364698
	-62.6729924	-30.038146
	-62.6725332	-30.0388658
	-62.6717761	-30.0392741
	-62.6716023	-30.0398865
	-62.6706839	-30.0408857
	-62.6703116	-30.0411006
	-62.670113	-30.0415518
	-62.6693807	-30.0418849
	-62.6691077	-30.0420353
	-62.6684871	-30.0426262
	-62.6677425	-30.042637
	-62.6671964	-30.0437221
	-62.6660297	-30.0446568
	-62.6654092	-30.0451939
	-62.6653595	-30.0454948
	-62.6650741	-30.0457204
	-62.6651858	-30.0459675
	-62.6655829	-30.0464187
	-62.6657567	-30.0469236
	-62.6656946	-30.0474823
	-62.665496	-30.048288
	-62.6649996	-30.0487392
	-62.6646769	-30.04875
	-62.6638454	-30.0485888
	-62.6632869	-30.0486533
	-62.6628773	-30.0488896
	-62.6627035	-30.0492656
	-62.662567	-30.0498565
	-62.6623312	-30.0501358
	-62.6621574	-30.0502432
	-62.6616238	-30.0502003
	-62.6610653	-30.050544
	-62.6605688	-30.0510597
	-62.6602709	-30.0520373
	-62.6600519	-30.052385
	-62.6597102	-30.0528799
	-62.6582479	-30.054304
	-62.6569696	-30.0552063
	-62.6558153	-30.0555394
	-62.6542019	-30.0550774
	-62.6529608	-30.0547337
	-62.6525512	-30.0545403
	-62.6518686	-30.0519084
	-62.6517142	-30.0488057
	-62.6512051	-30.0479397
	-62.650661	-30.0474231
	-62.6500116	-30.0471345
	-62.6488883	-30.0467242
	-62.6478176	-30.0466027
	-62.6470152	-30.046412
	-62.6456938	-30.0466787
	-62.6450619	-30.0471648
	-62.6443774	-30.048122
	-62.6436578	-30.0492919
	-62.6426398	-30.0500515
	-62.6421483	-30.050401
	-62.6415515	-30.0510239
	-62.6405862	-30.0509935
	-62.6399016	-30.050249
	-62.6388661	-30.0497781
	-62.6379358	-30.0491248
	-62.6371986	-30.0478182
	-62.6367423	-30.04639
	-62.6354961	-30.0455999
	-62.6340744	-30.0450226
	-62.6331617	-30.0440958
	-62.6320559	-30.0437159
	-62.6318277	-30.0436855
	-62.631266	-30.0439134
	-62.6308097	-30.0443085
	-62.6299145	-30.0452657
	-62.6266674	-30.0460709
	-62.6252808	-30.0466483
	-62.6246138	-30.0469521
	-62.6241399	-30.0474231
	-62.623982	-30.048122
	-62.6240873	-30.0487297
	-62.6237713	-30.049535
	-62.6229113	-30.0501123
	-62.6224374	-30.0501579
	-62.6218406	-30.0500211
	-62.6211561	-30.0500819
	-62.6207875	-30.0505073
	-62.6206471	-30.0515252
	-62.620103	-30.0524216
	-62.6195237	-30.052771
	-62.6188743	-30.0528925
	-62.6183478	-30.0526647
	-62.6176808	-30.0522089
	-62.6155745	-30.0517379
	-62.6157119	-30.052296
	-62.615774	-30.0529083
	-62.6156499	-30.0533058
	-62.6150914	-30.0536173
	-62.6147439	-30.0535851
	-62.6138378	-30.0531017
	-62.6135276	-30.0527901
	-62.6132049	-30.0528009
	-62.6127457	-30.0535099
	-62.6121375	-30.0536066
	-62.6116038	-30.0537677
	-62.611306	-30.0543156
	-62.6108716	-30.0545412
	-62.6104	-30.0551105
	-62.61004	-30.0552717
	-62.6097297	-30.055089
	-62.6093078	-30.0552931
	-62.6090595	-30.0555402
	-62.6090347	-30.0557443
	-62.6097297	-30.0565607
	-62.6095188	-30.0571623
	-62.6095684	-30.0574631
	-62.6099904	-30.0580646
	-62.6099283	-30.0584191
	-62.61004	-30.058634
	-62.6097724	-30.0591071
	-62.6099134	-30.0594733
	-62.6099924	-30.0597315
	-62.6098608	-30.0600354
	-62.6095185	-30.0604303
	-62.6093254	-30.0607797
	-62.609264	-30.0610304
	-62.6090622	-30.0611291
	-62.6090095	-30.0607949
	-62.6086409	-30.0607342
	-62.6081758	-30.0605823
	-62.6076668	-30.0605671
	-62.6073772	-30.060362
	-62.6073157	-30.0600506
	-62.6070349	-30.0600202
	-62.6068331	-30.0601265
	-62.6067102	-30.0603392
	-62.6063679	-30.0604379
	-62.6059116	-30.0602784
	-62.6054903	-30.059929
	-62.6052709	-30.0597771
	-62.6047531	-30.0596632
	-62.6045425	-30.0595948
	-62.6044021	-30.059648
	-62.6042705	-30.0599594
	-62.6040598	-30.059929
	-62.6039019	-30.0597467
	-62.6035859	-30.0598227
	-62.6033578	-30.0600126
	-62.6029979	-30.0599822
	-62.6028224	-30.0597695
	-62.6025153	-30.0597239
	-62.6023046	-30.0597771
	-62.6021818	-30.059929
	-62.6019097	-30.0600733
	-62.6015675	-30.0602405
	-62.6012076	-30.0603544
	-62.6006196	-30.0603772
	-62.5998737	-30.0608633
	-62.5994875	-30.0608329
	-62.5986012	-30.061
	-62.5982677	-30.0609468
	-62.5978113	-30.0611671
	-62.5969513	-30.060757
	-62.5964774	-30.0608557
	-62.5958982	-30.0606354
	-62.5953395	-30.0607451
	-62.5946569	-30.0607021
	-62.5939183	-30.0609293
	-62.5931551	-30.0613789
	-62.5921002	-30.0617333
	-62.5911321	-30.062453
	-62.5902757	-30.062163
	-62.5899779	-30.0623778
	-62.5899034	-30.0626356
	-62.589891	-30.0634627
	-62.5897421	-30.0638172
	-62.5893697	-30.0639568
	-62.5882776	-30.0635916
	-62.5875701	-30.0627753
	-62.5864655	-30.0626034
	-62.5854478	-30.0624315
	-62.584368	-30.0629042
	-62.5843432	-30.0633875
	-62.584368	-30.0637635
	-62.5842191	-30.0639246
	-62.5837723	-30.0639031
	-62.5833503	-30.0633123
	-62.5829656	-30.0629579
	-62.5808557	-30.062539
	-62.5798256	-30.0619374
	-62.5796642	-30.0609922
	-62.5774923	-30.0593701
	-62.5764497	-30.0584248
	-62.5756802	-30.058167
	-62.5741909	-30.0580811
	-62.5729498	-30.058253
	-62.5713984	-30.0592305
	-62.5565658	-30.0632261
	-62.5587943	-30.0688092
	-62.5590066	-30.0693407
	-62.5604955	-30.0715212
	-62.5622134	-30.0742467
	-62.5624298	-30.0757184
	-62.5626143	-30.0769722
	-62.5607246	-30.0805896
	-62.5620416	-30.0832653
	-62.5629758	-30.0863108
	-62.5648789	-30.0885882
	-62.5641096	-30.0894641
	-62.5633402	-30.0899546
	-62.5642716	-30.091426
	-62.5646765	-30.0933179
	-62.5640691	-30.0942988
	-62.5632188	-30.0968212
	-62.5616801	-30.0981874
	-62.5608298	-30.1005346
	-62.5604248	-30.102111
	-62.5614371	-30.1029517
	-62.5624899	-30.1036173
	-62.5634212	-30.1049134
	-62.5637857	-30.1058592
	-62.5637452	-30.1084864
	-62.5638261	-30.1099575
	-62.5647575	-30.1153517
	-62.5664176	-30.1159121
	-62.5669845	-30.1177334
	-62.5673084	-30.1217262
	-62.5688876	-30.1241428
	-62.5701429	-30.125894
	-62.5705073	-30.1281704
	-62.5703048	-30.1292911
	-62.5711147	-30.1301316
	-62.5718632	-30.1303219
	-62.5725503	-30.1315848
	-62.5730943	-30.1318572
	-62.57444	-30.1317334
	-62.5751272	-30.1322534
	-62.575299	-30.1333925
	-62.5748123	-30.1343583
	-62.5752704	-30.1351011
	-62.5760434	-30.1361411
	-62.5765015	-30.1374535
	-62.5774178	-30.1383449
	-62.5789353	-30.1381221
	-62.5802237	-30.1393601
	-62.5805673	-30.1402763
	-62.5806245	-30.1409944
	-62.5819989	-30.1412667
	-62.5822279	-30.1417372
	-62.5834877	-30.1433218
	-62.5839172	-30.1438418
	-62.5837741	-30.1449808
	-62.5844326	-30.1457731
	-62.5847189	-30.1465406
	-62.5839745	-30.1473824
	-62.5835164	-30.148868
	-62.5836309	-30.1492889
	-62.5850911	-30.1499573
	-62.5859215	-30.1503782
	-62.5870667	-30.1507991
	-62.5895291	-30.1519875
	-62.5904167	-30.153572
	-62.5927359	-30.1550822
	-62.5933658	-30.1563943
	-62.5933371	-30.1573598
	-62.5925068	-30.1579045
	-62.5923064	-30.1592661
	-62.5930795	-30.1618902
	-62.5947687	-30.1633755
	-62.5958568	-30.1641429
	-62.5958854	-30.1646875
	-62.5956277	-30.1653807
	-62.5958281	-30.1662223
	-62.5955132	-30.1671382
	-62.5956858	-30.1680644
	-62.5949985	-30.1687971
	-62.5943924	-30.1691677
	-62.5945536	-30.1703261
	-62.5945883	-30.1715195
	-62.5954119	-30.1719649
	-62.5953467	-30.1734855
	-62.5931843	-30.1766004
	-62.5923067	-30.1791359
	-62.5925902	-30.1810261
	-62.5938859	-30.1815861
	-62.5953436	-30.1817261
	-62.5953841	-30.1827762
	-62.5948982	-30.1838613
	-62.5943718	-30.1851913
	-62.5955866	-30.1856113
	-62.5973277	-30.1865563
	-62.5974897	-30.1885164
	-62.5976112	-30.1895314
	-62.598583	-30.1900564
	-62.5996762	-30.1907563
	-62.6005671	-30.1915963
	-62.6009315	-30.1925763
	-62.6005671	-30.1932063
	-62.5998382	-30.1938712
	-62.5992713	-30.1949562
	-62.5974087	-30.1963911
	-62.5969228	-30.1983509
	-62.598583	-30.2013956
	-62.598583	-30.2046151
	-62.5979756	-30.2065398
	-62.5972062	-30.2077295
	-62.5991498	-30.2108789
	-62.5993523	-30.2122436
	-62.5980161	-30.2129084
	-62.5970443	-30.2154627
	-62.5970443	-30.2178071
	-62.5951817	-30.2220407
	-62.5926712	-30.2233703
	-62.5914381	-30.2240618
	-62.5899646	-30.2270792
	-62.590182	-30.2285419
	-62.5906611	-30.2302234
	-62.5910974	-30.2312145
	-62.5897532	-30.2341707
	-62.5904036	-30.2408276
	-62.59074	-30.2429837
	-62.5912944	-30.2445705
	-62.5920057	-30.246861
	-62.5924864	-30.248668
	-62.593285	-30.2524367
	-62.5935788	-30.2554717
	-62.5936163	-30.2595892
	-62.5914057	-30.2640102
	-62.5906195	-30.2666322
	-62.5893893	-30.2687164
	-62.5874707	-30.2704001
	-62.5856197	-30.2713998
	-62.5822109	-30.2723416
	-62.5803515	-30.2739641
	-62.578891	-30.2759055
	-62.576743	-30.2776767
	-62.5741381	-30.2790173
	-62.5732343	-30.2809062
	-62.5714913	-30.2827848
	-62.5689051	-30.2849443
	-62.5663917	-30.2860336
	-62.564583	-30.2871114
	-62.5627811	-30.2885385
	-62.5587802	-30.2941759
	-62.5562874	-30.2966337
	-62.5524955	-30.2996188
	-62.5504434	-30.3006395
	-62.5477669	-30.3013906
	-62.5456032	-30.3025268
	-62.5446747	-30.3047344
	-62.543172	-30.3065708
	-62.5395139	-30.3078033
	-62.537401	-30.3092733
	-62.5345621	-30.3119439
	-62.5311183	-30.3168783
	-62.5276539	-30.3219845
	-62.5239789	-30.3263688
	-62.5221068	-30.3308455
	-62.5212322	-30.3349379
	-62.5212322	-30.338421
	-62.5200775	-30.3418975
	-62.3208429	-30.3439763
	-62.1740669	-30.3456155
	-62.1678	-30.3649878
	-62.1305922	-30.4799264
	-62.1137958	-30.3760677
	-62.1027315	-30.3117319
	-62.0908498	-30.2394929
	-62.080038	-30.1763002
	-62.065823	-30.0981283
	-62.053401	-30.0197092
	-62.0163046	-29.8064594
	-61.9914801	-29.6617187
	-61.9884744	-29.6440458
	-61.9660526	-29.5122408
	-61.9490978	-29.4124583
	-61.9402944	-29.3603312
	-61.9200202	-29.2407068
	-61.9016967	-29.1324718
	-61.9016941	-29.1321226
	-61.901618	-29.1319905
	-61.9015533	-29.1314546
	-61.898263	-29.1120167
	-61.8952497	-29.0942114
	-61.8890947	-29.0603315
	-61.8767899	-28.9884704
	-61.8709472	-28.9494946
	-61.8635383	-28.9052919
	-61.8585877	-28.8760897
	-61.8568294	-28.8654705
	-61.8567627	-28.8650356
	-61.8565684	-28.8639695
	-61.8563928	-28.8629751
	-61.8562149	-28.8619562
	-61.845574	-28.797878
	-61.8431638	-28.7836937
	-61.8318243	-28.7246406
	-61.818778	-28.6473868
	-61.816105	-28.631995
	-61.81547	-28.6216951
	-61.8139709	-28.6131321
	-61.8096583	-28.5885215
	-61.8069847	-28.5724899
	-61.8036768	-28.5525185
	-61.7945264	-28.4972551
	-61.7882179	-28.4614945
	-61.7870634	-28.4548691
	-61.7864138	-28.4516869
	-61.7813558	-28.4269089
	-61.7735095	-28.371975
	-61.76954	-28.3497048
	-61.7668223	-28.3348531
	-61.7582425	-28.2829104
	-61.75719	-28.2762331
	-61.7523149	-28.2453591
	-61.7489598	-28.2269951
	-61.743247	-28.2035504
	-61.7308874	-28.126218
	-61.7201134	-28.0584162
	-61.7116224	-27.9986392
	-61.713031	-27.7949698
	-61.7134211	-27.7159456
	-61.7162026	-27.137995
	-61.7164224	-27.0572307
	-61.7167713	-26.928885
	-61.7163615	-26.7904568
	-61.7162573	-26.7552824
	-61.7162445	-26.6543033
	-61.7162434	-26.6452401
	-61.7162012	-26.3137113
	-61.7123711	-26.2406214
	-61.7125374	-26.1343025
	-61.7162007	-26.0313265
	-61.7162006	-25.9566462
	-61.7162003	-25.79216
	-61.7162001	-25.65
	-62.0407707	-25.6499924
	-62.1782159	-25.6499891
	-62.2713575	-25.6499869
	-62.3199871	-25.6499857
	-62.4678738	-25.6499822
	-62.6318239	-25.6499783
	-63.0822336	-25.6499675
	-63.4222978	-25.6490492
	-63.4760921	-25.7098298
	-63.5674961	-25.7094494
	-63.6604222	-25.6853337
	-63.873883	-25.6845177
	-63.8776725	-25.6845292
	-63.9124017	-25.6821429
	-63.9189284	-25.6822397
	-64.0077854	-25.6733052
	-64.0254215	-25.7533934
	-64.1960336	-25.7273773
	-64.1974069	-25.7098703
	-64.2145612	-25.7076549
	-64.268303	-25.7007136
	-64.403658	-26.0311691
	-64.3965555	-26.0456597
	-64.4121424	-26.1134504
	-64.4254966	-26.1158838
	-64.4952789	-26.2192649
	-64.5025264	-26.2391677
	-64.4816866	-26.30745
	-64.4922524	-26.3214831
	-64.4983207	-26.33103
	-64.5059682	-26.3403606
	-64.5102855	-26.3444219
	-64.5137788	-26.3466832
	-64.5175983	-26.3478369
	-64.52213	-26.3555051
	-64.5285159	-26.3701399
	-64.5331776	-26.3884453
	-64.5305065	-26.3988651
	-64.5341255	-26.4093612
	-64.5287832	-26.4203964
	-64.5269132	-26.4319659
	-64.52334	-26.4466289
	-64.526027	-26.4624567
	-64.518745	-26.4801712
	-64.5165587	-26.4891715
	-64.5169785	-26.503717
	-64.5180752	-26.5079154
	-64.5164464	-26.511001
	-64.5223044	-26.5281786
	-64.5203389	-26.5477932
	-64.5087927	-26.5497202
	-64.5102426	-26.5663593
	-64.5110088	-26.5751525
	-64.5045515	-26.6766812
	-64.5733197	-26.6636984
	-64.5901355	-26.6605236
	-64.5963706	-26.689535
	-64.6220921	-26.8091378
	-64.6721918	-26.8004199
	-64.6893038	-26.8778963
	-64.7108997	-26.9736587
	-64.7532236	-26.9660383
	-64.7608727	-27.0027581
	-64.7493518	-27.0046205
	-64.7706448	-27.0777204
	-64.7810618	-27.075974
	-64.782482	-27.0834692
	-64.7984182	-27.1505902
	-64.8111306	-27.1487738
	-64.813103	-27.1569684
	-64.8155101	-27.1683151
	-64.8507479	-27.3009775
	-64.8545731	-27.3184168
	-64.9326363	-27.3449992
	-64.937074	-27.3581367
	-64.9637612	-27.3893195
	-65.0122453	-27.4662515
	-64.9886291	-27.4929413
	-64.9557684	-27.5460867
	-64.9682133	-27.5493624
	-64.9735191	-27.5529936
	-64.9792971	-27.5569479
	-64.9787866	-27.5595724
	-64.9879823	-27.5660749
	-65.0121594	-27.5709107
	-65.0070189	-27.5826284
	-65.0297983	-27.5868192
	-65.0009014	-27.6886839
	-64.9882281	-27.7338763
	-65.032738	-27.7391569
	-65.0160989	-27.7914745
	-65.0397296	-27.8791708
	-65.0904959	-27.8935479
	-65.1677218	-27.9069721
	-65.1710451	-27.9464574
	-65.1694729	-27.952604
	-65.168828	-27.9551075
	-65.1681103	-27.9580589
	-65.1504793	-28.0303351
	-65.1328501	-28.1025561
	-65.1257347	-28.1318222
	-65.1224529	-28.146104
	-65.1158291	-28.1732835
	-65.1130531	-28.1835203
	-65.1124509	-28.186361
	-65.1123634	-28.1876778
	-65.1120411	-28.1926581
	-65.1118783	-28.1955273
	-65.111631	-28.2017637
	-65.1101592	-28.2217685
	-65.1083028	-28.2577392
	-65.1064758	-28.2931314
	-65.1040322	-28.3222231
	-65.1008632	-28.3999036
	-65.1007725	-28.4015769
	-65.1006971	-28.4029697
	-65.1006436	-28.4038058
	-65.1006194	-28.4055352
	-65.1000744	-28.414859
	-65.0995497	-28.4248882
	-65.0976703	-28.4580129
	-65.0970547	-28.4711496
	-65.0989172	-28.4804751
	-65.1037206	-28.5045206
	-65.1256409	-28.6115162
	-65.1662807	-28.6038206
	-65.1845585	-28.6006387
	-65.1846188	-28.600273
	-65.1883614	-28.6189258